[quark]
{2 JetPt Rho 1 x ((x-[0])<0.)?0.:TMath::Exp(-1.*(x-[0])*[1]/[2])*TMath::Power((x-[0]),[1]-1.)*TMath::Power([2]/[1],-1.*[1])/TMath::Gamma([1]) Correction QGL_ptD_quark}
15 19 0 1 5 0 1 0.330 1.455 0.109 
19 23 0 1 5 0 1 0.240 3.886 0.179 
23 28 0 1 5 0 1 0.216 5.604 0.204 
28 35 0 1 5 0 1 0.240 3.070 0.194 
35 43 0 1 5 0 1 0.216 4.028 0.209 
43 53 0 1 5 0 1 0.211 3.545 0.210 
53 65 0 1 5 0 1 0.194 4.134 0.228 
65 80 0 1 5 0 1 0.183 4.221 0.239 
80 99 0 1 5 0 1 0.161 5.119 0.256 
99 122 0 1 5 0 1 0.144 5.859 0.275 
122 151 0 1 5 0 1 0.122 6.661 0.301 
151 186 0 1 5 0 1 0.119 6.787 0.305 
186 230 0 1 5 0 1 0.114 7.090 0.312 
230 284 0 1 5 0 1 0.102 7.566 0.323 
284 350 0 1 5 0 1 0.091 7.758 0.338 
350 432 0 1 5 0 1 0.056 9.597 0.385 
432 533 0 1 5 0 1 0.039 11.340 0.409 
533 657 0 1 5 0 1 0.064 10.402 0.402 
657 811 0 1 5 0 1 0.000 14.897 0.485 
811 1000 0 1 5 0 1 0.000 16.357 0.504 
15 19 1 2 5 0 1 0.228 4.511 0.200 
19 23 1 2 5 0 1 0.258 3.185 0.168 
23 28 1 2 5 0 1 0.225 4.579 0.196 
28 35 1 2 5 0 1 0.223 3.541 0.200 
35 43 1 2 5 0 1 0.212 3.719 0.206 
43 53 1 2 5 0 1 0.212 3.383 0.204 
53 65 1 2 5 0 1 0.187 4.221 0.226 
65 80 1 2 5 0 1 0.177 4.385 0.238 
80 99 1 2 5 0 1 0.164 4.694 0.249 
99 122 1 2 5 0 1 0.153 5.135 0.262 
122 151 1 2 5 0 1 0.132 6.142 0.283 
151 186 1 2 5 0 1 0.122 6.571 0.296 
186 230 1 2 5 0 1 0.123 6.441 0.296 
230 284 1 2 5 0 1 0.081 8.564 0.338 
284 350 1 2 5 0 1 0.090 7.676 0.335 
350 432 1 2 5 0 1 0.063 9.170 0.371 
432 533 1 2 5 0 1 0.023 11.861 0.422 
533 657 1 2 5 0 1 0.015 13.240 0.446 
657 811 1 2 5 0 1 0.000 14.816 0.482 
811 1000 1 2 5 0 1 0.000 16.129 0.502 
15 19 2 3 5 0 1 0.235 5.262 0.156 
19 23 2 3 5 0 1 0.241 2.958 0.169 
23 28 2 3 5 0 1 0.204 4.447 0.209 
28 35 2 3 5 0 1 0.220 3.525 0.192 
35 43 2 3 5 0 1 0.212 3.540 0.197 
43 53 2 3 5 0 1 0.204 3.578 0.203 
53 65 2 3 5 0 1 0.187 4.086 0.220 
65 80 2 3 5 0 1 0.175 4.379 0.236 
80 99 2 3 5 0 1 0.154 5.105 0.255 
99 122 2 3 5 0 1 0.145 5.603 0.267 
122 151 2 3 5 0 1 0.136 5.771 0.276 
151 186 2 3 5 0 1 0.119 6.717 0.296 
186 230 2 3 5 0 1 0.120 6.613 0.297 
230 284 2 3 5 0 1 0.109 7.014 0.308 
284 350 2 3 5 0 1 0.103 7.011 0.319 
350 432 2 3 5 0 1 0.063 9.113 0.371 
432 533 2 3 5 0 1 0.062 9.589 0.381 
533 657 2 3 5 0 1 0.040 12.058 0.420 
657 811 2 3 5 0 1 0.000 14.509 0.480 
811 1000 2 3 5 0 1 0.000 16.097 0.501 
15 19 3 4 5 0 1 0.263 2.253 0.140 
19 23 3 4 5 0 1 0.235 3.130 0.172 
23 28 3 4 5 0 1 0.235 3.121 0.171 
28 35 3 4 5 0 1 0.204 3.711 0.199 
35 43 3 4 5 0 1 0.192 4.302 0.207 
43 53 3 4 5 0 1 0.199 3.676 0.201 
53 65 3 4 5 0 1 0.192 3.656 0.209 
65 80 3 4 5 0 1 0.176 4.168 0.226 
80 99 3 4 5 0 1 0.162 4.582 0.243 
99 122 3 4 5 0 1 0.145 5.470 0.263 
122 151 3 4 5 0 1 0.138 5.670 0.270 
151 186 3 4 5 0 1 0.127 6.225 0.285 
186 230 3 4 5 0 1 0.110 7.252 0.303 
230 284 3 4 5 0 1 0.108 6.878 0.306 
284 350 3 4 5 0 1 0.090 7.677 0.331 
350 432 3 4 5 0 1 0.055 11.661 0.370 
432 533 3 4 5 0 1 0.076 8.910 0.366 
533 657 3 4 5 0 1 0.014 12.949 0.444 
657 811 3 4 5 0 1 0.000 14.641 0.479 
811 1000 3 4 5 0 1 0.000 16.057 0.500 
15 19 4 5 5 0 1 0.267 2.178 0.117 
19 23 4 5 5 0 1 0.222 3.279 0.169 
23 28 4 5 5 0 1 0.239 2.615 0.154 
28 35 4 5 5 0 1 0.220 3.003 0.173 
35 43 4 5 5 0 1 0.198 3.919 0.194 
43 53 4 5 5 0 1 0.196 3.673 0.195 
53 65 4 5 5 0 1 0.194 3.497 0.203 
65 80 4 5 5 0 1 0.163 4.908 0.232 
80 99 4 5 5 0 1 0.159 4.615 0.242 
99 122 4 5 5 0 1 0.148 5.246 0.257 
122 151 4 5 5 0 1 0.128 6.080 0.279 
151 186 4 5 5 0 1 0.125 6.348 0.284 
186 230 4 5 5 0 1 0.100 7.746 0.310 
230 284 4 5 5 0 1 0.102 7.153 0.311 
284 350 4 5 5 0 1 0.096 7.264 0.321 
350 432 4 5 5 0 1 0.091 7.665 0.339 
432 533 4 5 5 0 1 0.056 10.022 0.385 
533 657 4 5 5 0 1 0.033 11.770 0.424 
657 811 4 5 5 0 1 0.000 14.807 0.478 
811 1000 4 5 5 0 1 0.000 16.119 0.499 
15 19 5 6 5 0 1 0.223 3.897 0.142 
19 23 5 6 5 0 1 0.172 6.320 0.192 
23 28 5 6 5 0 1 0.196 4.162 0.177 
28 35 5 6 5 0 1 0.217 3.379 0.163 
35 43 5 6 5 0 1 0.201 3.581 0.184 
43 53 5 6 5 0 1 0.190 3.996 0.193 
53 65 5 6 5 0 1 0.181 3.955 0.207 
65 80 5 6 5 0 1 0.173 4.245 0.221 
80 99 5 6 5 0 1 0.161 4.496 0.238 
99 122 5 6 5 0 1 0.150 5.017 0.251 
122 151 5 6 5 0 1 0.135 5.813 0.270 
151 186 5 6 5 0 1 0.106 7.754 0.299 
186 230 5 6 5 0 1 0.109 7.067 0.301 
230 284 5 6 5 0 1 0.111 6.654 0.301 
284 350 5 6 5 0 1 0.098 7.174 0.320 
350 432 5 6 5 0 1 0.073 8.940 0.354 
432 533 5 6 5 0 1 0.039 11.006 0.400 
533 657 5 6 5 0 1 0.020 12.580 0.437 
657 811 5 6 5 0 1 0.010 14.168 0.468 
811 1000 5 6 5 0 1 0.000 16.156 0.498 
15 19 6 7 5 0 1 0.199 5.463 0.156 
19 23 6 7 5 0 1 0.217 2.812 0.145 
23 28 6 7 5 0 1 0.211 3.702 0.151 
28 35 6 7 5 0 1 0.219 2.490 0.157 
35 43 6 7 5 0 1 0.200 3.416 0.178 
43 53 6 7 5 0 1 0.192 3.647 0.186 
53 65 6 7 5 0 1 0.178 3.792 0.206 
65 80 6 7 5 0 1 0.173 4.146 0.217 
80 99 6 7 5 0 1 0.156 4.476 0.238 
99 122 6 7 5 0 1 0.150 5.063 0.249 
122 151 6 7 5 0 1 0.131 5.881 0.270 
151 186 6 7 5 0 1 0.101 7.836 0.302 
186 230 6 7 5 0 1 0.096 7.722 0.311 
230 284 6 7 5 0 1 0.107 6.825 0.305 
284 350 6 7 5 0 1 0.078 8.529 0.335 
350 432 6 7 5 0 1 0.092 8.005 0.335 
432 533 6 7 5 0 1 0.060 9.537 0.380 
533 657 6 7 5 0 1 0.011 13.476 0.445 
657 811 6 7 5 0 1 0.000 14.480 0.477 
811 1000 6 7 5 0 1 0.000 16.051 0.498 
15 19 7 8 5 0 1 0.089 18.538 0.244 
19 23 7 8 5 0 1 0.220 2.618 0.117 
23 28 7 8 5 0 1 0.204 3.489 0.148 
28 35 7 8 5 0 1 0.195 3.383 0.164 
35 43 7 8 5 0 1 0.195 3.374 0.173 
43 53 7 8 5 0 1 0.197 3.242 0.176 
53 65 7 8 5 0 1 0.180 3.666 0.200 
65 80 7 8 5 0 1 0.149 5.516 0.229 
80 99 7 8 5 0 1 0.157 4.491 0.233 
99 122 7 8 5 0 1 0.151 4.956 0.243 
122 151 7 8 5 0 1 0.132 5.801 0.266 
151 186 7 8 5 0 1 0.103 7.904 0.299 
186 230 7 8 5 0 1 0.107 7.161 0.300 
230 284 7 8 5 0 1 0.104 6.897 0.305 
284 350 7 8 5 0 1 0.098 7.213 0.316 
350 432 7 8 5 0 1 0.079 8.148 0.348 
432 533 7 8 5 0 1 0.071 9.326 0.366 
533 657 7 8 5 0 1 0.035 11.757 0.420 
657 811 7 8 5 0 1 0.000 14.660 0.476 
811 1000 7 8 5 0 1 0.000 16.224 0.497 
15 19 8 9 5 0 1 0.200 4.904 0.124 
19 23 8 9 5 0 1 0.180 5.338 0.142 
23 28 8 9 5 0 1 0.201 3.139 0.139 
28 35 8 9 5 0 1 0.175 4.746 0.181 
35 43 8 9 5 0 1 0.197 3.334 0.164 
43 53 8 9 5 0 1 0.185 3.745 0.181 
53 65 8 9 5 0 1 0.180 3.603 0.194 
65 80 8 9 5 0 1 0.167 4.280 0.211 
80 99 8 9 5 0 1 0.148 5.015 0.234 
99 122 8 9 5 0 1 0.142 5.347 0.251 
122 151 8 9 5 0 1 0.137 5.436 0.259 
151 186 8 9 5 0 1 0.120 6.479 0.282 
186 230 8 9 5 0 1 0.111 6.922 0.294 
230 284 8 9 5 0 1 0.095 8.040 0.310 
284 350 8 9 5 0 1 0.102 7.066 0.311 
350 432 8 9 5 0 1 0.052 9.837 0.372 
432 533 8 9 5 0 1 0.033 11.646 0.402 
533 657 8 9 5 0 1 0.000 13.719 0.452 
657 811 8 9 5 0 1 0.005 14.338 0.470 
811 1000 8 9 5 0 1 0.000 16.165 0.496 
15 19 9 10 5 0 1 0.106 16.426 0.200 
19 23 9 10 5 0 1 0.189 4.278 0.141 
23 28 9 10 5 0 1 0.191 4.001 0.132 
28 35 9 10 5 0 1 0.195 3.544 0.144 
35 43 9 10 5 0 1 0.169 4.695 0.182 
43 53 9 10 5 0 1 0.179 3.910 0.179 
53 65 9 10 5 0 1 0.176 3.727 0.192 
65 80 9 10 5 0 1 0.169 4.185 0.206 
80 99 9 10 5 0 1 0.150 4.660 0.231 
99 122 9 10 5 0 1 0.142 5.305 0.247 
122 151 9 10 5 0 1 0.117 6.871 0.274 
151 186 9 10 5 0 1 0.115 6.755 0.284 
186 230 9 10 5 0 1 0.108 6.946 0.295 
230 284 9 10 5 0 1 0.087 8.251 0.316 
284 350 9 10 5 0 1 0.080 8.499 0.330 
350 432 9 10 5 0 1 0.085 8.195 0.337 
432 533 9 10 5 0 1 0.063 9.586 0.371 
533 657 9 10 5 0 1 0.020 12.787 0.433 
657 811 9 10 5 0 1 0.000 14.589 0.475 
811 1000 9 10 5 0 1 0.000 16.236 0.495 
15 19 10 11 5 0 1 0.000 16.329 0.262 
19 23 10 11 5 0 1 0.000 1.000 0.134 
23 28 10 11 5 0 1 0.188 3.328 0.139 
28 35 10 11 5 0 1 0.182 3.660 0.149 
35 43 10 11 5 0 1 0.180 3.726 0.166 
43 53 10 11 5 0 1 0.183 3.378 0.170 
53 65 10 11 5 0 1 0.175 3.701 0.188 
65 80 10 11 5 0 1 0.163 4.144 0.207 
80 99 10 11 5 0 1 0.156 4.243 0.225 
99 122 10 11 5 0 1 0.147 4.989 0.237 
122 151 10 11 5 0 1 0.128 6.110 0.260 
151 186 10 11 5 0 1 0.127 6.009 0.269 
186 230 10 11 5 0 1 0.098 7.590 0.303 
230 284 10 11 5 0 1 0.097 7.194 0.307 
284 350 10 11 5 0 1 0.089 7.677 0.320 
350 432 10 11 5 0 1 0.063 9.808 0.357 
432 533 10 11 5 0 1 0.059 9.591 0.376 
533 657 10 11 5 0 1 0.002 13.795 0.450 
657 811 10 11 5 0 1 0.000 14.734 0.473 
811 1000 10 11 5 0 1 0.000 16.390 0.495 
15 19 11 12 5 0 1 0.238 3.474 0.103 
19 23 11 12 5 0 1 0.195 3.178 0.104 
23 28 11 12 5 0 1 0.197 3.093 0.102 
28 35 11 12 5 0 1 0.188 2.979 0.131 
35 43 11 12 5 0 1 0.175 4.016 0.163 
43 53 11 12 5 0 1 0.183 3.387 0.164 
53 65 11 12 5 0 1 0.173 3.685 0.183 
65 80 11 12 5 0 1 0.160 4.305 0.205 
80 99 11 12 5 0 1 0.155 4.268 0.217 
99 122 11 12 5 0 1 0.145 4.941 0.235 
122 151 11 12 5 0 1 0.133 5.604 0.255 
151 186 11 12 5 0 1 0.123 6.237 0.270 
186 230 11 12 5 0 1 0.114 6.669 0.284 
230 284 11 12 5 0 1 0.085 8.181 0.318 
284 350 11 12 5 0 1 0.098 6.989 0.312 
350 432 11 12 5 0 1 0.075 8.251 0.347 
432 533 11 12 5 0 1 0.014 12.254 0.419 
533 657 11 12 5 0 1 0.000 13.722 0.450 
657 811 11 12 5 0 1 0.061 11.338 0.414 
811 1000 11 12 5 0 1 0.000 16.169 0.494 
15 19 12 13 5 0 1 0.130 50.000 0.201 
19 23 12 13 5 0 1 0.146 9.480 0.135 
23 28 12 13 5 0 1 0.189 2.722 0.095 
28 35 12 13 5 0 1 0.184 2.817 0.127 
35 43 12 13 5 0 1 0.174 3.649 0.158 
43 53 12 13 5 0 1 0.164 4.057 0.172 
53 65 12 13 5 0 1 0.172 3.539 0.179 
65 80 12 13 5 0 1 0.172 3.698 0.192 
80 99 12 13 5 0 1 0.158 4.060 0.214 
99 122 12 13 5 0 1 0.147 5.110 0.232 
122 151 12 13 5 0 1 0.128 5.602 0.258 
151 186 12 13 5 0 1 0.122 6.425 0.267 
186 230 12 13 5 0 1 0.126 6.357 0.271 
230 284 12 13 5 0 1 0.107 7.286 0.292 
284 350 12 13 5 0 1 0.087 7.878 0.318 
350 432 12 13 5 0 1 0.079 8.037 0.342 
432 533 12 13 5 0 1 0.018 12.627 0.414 
533 657 12 13 5 0 1 0.023 12.363 0.427 
657 811 12 13 5 0 1 0.000 14.408 0.473 
811 1000 12 13 5 0 1 0.000 15.632 0.495 
15 19 13 14 5 0 1 0.123 50.000 0.120 
19 23 13 14 5 0 1 0.000 12.352 0.235 
23 28 13 14 5 0 1 0.204 1.947 0.078 
28 35 13 14 5 0 1 0.201 2.315 0.097 
35 43 13 14 5 0 1 0.157 4.998 0.165 
43 53 13 14 5 0 1 0.158 4.530 0.172 
53 65 13 14 5 0 1 0.176 3.193 0.175 
65 80 13 14 5 0 1 0.174 3.518 0.184 
80 99 13 14 5 0 1 0.152 4.297 0.213 
99 122 13 14 5 0 1 0.152 4.585 0.223 
122 151 13 14 5 0 1 0.128 5.479 0.251 
151 186 13 14 5 0 1 0.124 6.170 0.265 
186 230 13 14 5 0 1 0.126 6.026 0.270 
230 284 13 14 5 0 1 0.106 7.174 0.294 
284 350 13 14 5 0 1 0.090 7.488 0.312 
350 432 13 14 5 0 1 0.079 8.720 0.340 
432 533 13 14 5 0 1 0.033 11.053 0.396 
533 657 13 14 5 0 1 0.000 14.061 0.449 
657 811 13 14 5 0 1 0.000 14.242 0.472 
811 1000 13 14 5 0 1 0.000 15.791 0.493 
15 19 14 15 5 0 1 0.164 44.117 0.050 
19 23 14 15 5 0 1 0.198 2.481 0.087 
23 28 14 15 5 0 1 0.190 2.199 0.075 
28 35 14 15 5 0 1 0.133 5.896 0.166 
35 43 14 15 5 0 1 0.181 3.502 0.133 
43 53 14 15 5 0 1 0.177 3.617 0.145 
53 65 14 15 5 0 1 0.173 3.281 0.167 
65 80 14 15 5 0 1 0.149 4.812 0.204 
80 99 14 15 5 0 1 0.150 4.402 0.213 
99 122 14 15 5 0 1 0.143 4.755 0.229 
122 151 14 15 5 0 1 0.095 8.318 0.279 
151 186 14 15 5 0 1 0.106 6.991 0.280 
186 230 14 15 5 0 1 0.103 7.222 0.287 
230 284 14 15 5 0 1 0.103 7.038 0.293 
284 350 14 15 5 0 1 0.078 8.749 0.328 
350 432 14 15 5 0 1 0.058 9.892 0.358 
432 533 14 15 5 0 1 0.000 14.943 0.425 
533 657 14 15 5 0 1 0.060 10.259 0.388 
657 811 14 15 5 0 1 0.000 14.327 0.472 
811 1000 14 15 5 0 1 0.000 15.854 0.492 
15 19 15 16 5 0 1 0.281 49.686 0.045 
19 23 15 16 5 0 1 0.000 43.342 0.365 
23 28 15 16 5 0 1 0.176 6.204 0.098 
28 35 15 16 5 0 1 0.000 32.162 0.237 
35 43 15 16 5 0 1 0.184 2.491 0.117 
43 53 15 16 5 0 1 0.152 5.133 0.148 
53 65 15 16 5 0 1 0.164 3.506 0.172 
65 80 15 16 5 0 1 0.158 4.095 0.193 
80 99 15 16 5 0 1 0.145 4.388 0.218 
99 122 15 16 5 0 1 0.141 5.163 0.225 
122 151 15 16 5 0 1 0.136 4.963 0.241 
151 186 15 16 5 0 1 0.122 6.356 0.262 
186 230 15 16 5 0 1 0.127 5.904 0.266 
230 284 15 16 5 0 1 0.083 8.611 0.310 
284 350 15 16 5 0 1 0.007 12.553 0.397 
350 432 15 16 5 0 1 0.084 8.134 0.335 
432 533 15 16 5 0 1 0.025 11.840 0.400 
533 657 15 16 5 0 1 0.000 13.891 0.444 
657 811 15 16 5 0 1 0.000 13.851 0.470 
811 1000 15 16 5 0 1 0.000 15.961 0.491 
15 19 16 17 5 0 1 0.200 5.000 0.200 
19 23 16 17 5 0 1 0.105 50.000 0.153 
23 28 16 17 5 0 1 0.310 1.078 0.987 
28 35 16 17 5 0 1 0.210 1.061 0.051 
35 43 16 17 5 0 1 0.040 20.787 0.251 
43 53 16 17 5 0 1 0.159 4.702 0.158 
53 65 16 17 5 0 1 0.135 5.438 0.191 
65 80 16 17 5 0 1 0.152 5.099 0.181 
80 99 16 17 5 0 1 0.167 3.609 0.186 
99 122 16 17 5 0 1 0.131 5.516 0.230 
122 151 16 17 5 0 1 0.124 5.839 0.250 
151 186 16 17 5 0 1 0.133 5.866 0.248 
186 230 16 17 5 0 1 0.010 15.536 0.373 
230 284 16 17 5 0 1 0.087 8.094 0.306 
284 350 16 17 5 0 1 0.074 8.525 0.325 
350 432 16 17 5 0 1 0.071 8.616 0.342 
432 533 16 17 5 0 1 0.000 13.558 0.431 
533 657 16 17 5 0 1 0.000 14.003 0.448 
657 811 16 17 5 0 1 0.000 14.760 0.469 
811 1000 16 17 5 0 1 0.000 15.979 0.491 
15 19 17 18 5 0 1 0.200 5.000 0.200 
19 23 17 18 5 0 1 0.183 43.331 0.050 
23 28 17 18 5 0 1 0.075 1.000 0.390 
28 35 17 18 5 0 1 0.000 7.781 0.157 
35 43 17 18 5 0 1 0.190 1.238 0.125 
43 53 17 18 5 0 1 0.200 2.784 0.085 
53 65 17 18 5 0 1 0.166 3.319 0.154 
65 80 17 18 5 0 1 0.180 3.464 0.146 
80 99 17 18 5 0 1 0.138 4.733 0.214 
99 122 17 18 5 0 1 0.142 5.252 0.222 
122 151 17 18 5 0 1 0.126 5.255 0.246 
151 186 17 18 5 0 1 0.127 5.753 0.252 
186 230 17 18 5 0 1 0.077 8.769 0.308 
230 284 17 18 5 0 1 0.020 12.934 0.366 
284 350 17 18 5 0 1 0.065 8.429 0.333 
350 432 17 18 5 0 1 0.052 9.676 0.362 
432 533 17 18 5 0 1 0.015 11.446 0.413 
533 657 17 18 5 0 1 0.000 13.373 0.443 
657 811 17 18 5 0 1 0.000 14.229 0.466 
811 1000 17 18 5 0 1 0.000 16.551 0.489 
15 19 18 19 5 0 1 0.200 5.000 0.200 
19 23 18 19 5 0 1 0.200 5.000 0.200 
23 28 18 19 5 0 1 0.179 4.541 0.068 
28 35 18 19 5 0 1 0.000 44.784 0.244 
35 43 18 19 5 0 1 0.188 1.618 0.124 
43 53 18 19 5 0 1 0.000 24.134 0.292 
53 65 18 19 5 0 1 0.152 2.987 0.157 
65 80 18 19 5 0 1 0.138 5.961 0.193 
80 99 18 19 5 0 1 0.133 5.237 0.204 
99 122 18 19 5 0 1 0.084 8.270 0.269 
122 151 18 19 5 0 1 0.150 4.582 0.216 
151 186 18 19 5 0 1 0.112 6.960 0.264 
186 230 18 19 5 0 1 0.155 4.784 0.236 
230 284 18 19 5 0 1 0.083 9.601 0.306 
284 350 18 19 5 0 1 0.000 14.550 0.398 
350 432 18 19 5 0 1 0.000 12.458 0.414 
432 533 18 19 5 0 1 0.046 10.843 0.376 
533 657 18 19 5 0 1 0.000 13.850 0.440 
657 811 18 19 5 0 1 0.000 15.209 0.465 
811 1000 18 19 5 0 1 0.000 15.834 0.485 
15 19 19 20 5 0 1 0.200 5.000 0.200 
19 23 19 20 5 0 1 0.200 5.000 0.200 
23 28 19 20 5 0 1 0.209 1.247 0.058 
28 35 19 20 5 0 1 0.258 41.769 0.193 
35 43 19 20 5 0 1 0.190 1.000 0.396 
43 53 19 20 5 0 1 0.160 4.481 0.120 
53 65 19 20 5 0 1 0.167 2.241 0.154 
65 80 19 20 5 0 1 0.147 4.001 0.180 
80 99 19 20 5 0 1 0.143 4.450 0.200 
99 122 19 20 5 0 1 0.143 4.557 0.213 
122 151 19 20 5 0 1 0.115 5.859 0.254 
151 186 19 20 5 0 1 0.086 8.001 0.282 
186 230 19 20 5 0 1 0.096 8.125 0.285 
230 284 19 20 5 0 1 0.126 6.931 0.263 
284 350 19 20 5 0 1 0.088 8.982 0.314 
350 432 19 20 5 0 1 0.017 13.885 0.397 
432 533 19 20 5 0 1 0.000 13.677 0.414 
533 657 19 20 5 0 1 0.000 14.790 0.436 
657 811 19 20 5 0 1 0.000 14.372 0.465 
811 1000 19 20 5 0 1 0.000 15.214 0.495 
[gluon]
{2 JetPt Rho 1 x ((x-[0])<0.)?0.:TMath::Exp(-1.*(x-[0])*[1]/[2])*TMath::Power((x-[0]),[1]-1.)*TMath::Power([2]/[1],-1.*[1])/TMath::Gamma([1]) Correction QGL_ptD_gluon}
15 19 0 1 5 0 1 0.256 3.295 0.148 
19 23 0 1 5 0 1 0.236 3.539 0.148 
23 28 0 1 5 0 1 0.235 3.417 0.141 
28 35 0 1 5 0 1 0.221 3.550 0.142 
35 43 0 1 5 0 1 0.216 3.454 0.135 
43 53 0 1 5 0 1 0.201 3.680 0.139 
53 65 0 1 5 0 1 0.195 3.593 0.139 
65 80 0 1 5 0 1 0.195 3.133 0.136 
80 99 0 1 5 0 1 0.175 3.808 0.149 
99 122 0 1 5 0 1 0.173 3.620 0.149 
122 151 0 1 5 0 1 0.155 4.357 0.167 
151 186 0 1 5 0 1 0.150 4.420 0.173 
186 230 0 1 5 0 1 0.135 5.194 0.190 
230 284 0 1 5 0 1 0.127 5.497 0.197 
284 350 0 1 5 0 1 0.119 5.973 0.211 
350 432 0 1 5 0 1 0.111 6.224 0.226 
432 533 0 1 5 0 1 0.096 7.277 0.252 
533 657 0 1 5 0 1 0.071 9.124 0.294 
657 811 0 1 5 0 1 0.046 11.629 0.337 
811 1000 0 1 5 0 1 0.000 15.783 0.405 
15 19 1 2 5 0 1 0.238 3.899 0.157 
19 23 1 2 5 0 1 0.235 3.528 0.145 
23 28 1 2 5 0 1 0.238 2.824 0.132 
28 35 1 2 5 0 1 0.216 3.538 0.139 
35 43 1 2 5 0 1 0.214 3.286 0.132 
43 53 1 2 5 0 1 0.197 3.756 0.139 
53 65 1 2 5 0 1 0.196 3.307 0.133 
65 80 1 2 5 0 1 0.181 3.732 0.141 
80 99 1 2 5 0 1 0.175 3.644 0.144 
99 122 1 2 5 0 1 0.171 3.614 0.147 
122 151 1 2 5 0 1 0.156 4.244 0.161 
151 186 1 2 5 0 1 0.149 4.412 0.170 
186 230 1 2 5 0 1 0.134 5.160 0.186 
230 284 1 2 5 0 1 0.129 5.314 0.192 
284 350 1 2 5 0 1 0.120 5.749 0.206 
350 432 1 2 5 0 1 0.109 6.214 0.224 
432 533 1 2 5 0 1 0.099 6.822 0.244 
533 657 1 2 5 0 1 0.073 8.925 0.287 
657 811 1 2 5 0 1 0.077 9.325 0.302 
811 1000 1 2 5 0 1 0.000 15.358 0.400 
15 19 2 3 5 0 1 0.241 3.365 0.148 
19 23 2 3 5 0 1 0.237 3.040 0.132 
23 28 2 3 5 0 1 0.216 4.032 0.142 
28 35 2 3 5 0 1 0.218 3.240 0.130 
35 43 2 3 5 0 1 0.201 3.794 0.140 
43 53 2 3 5 0 1 0.197 3.577 0.134 
53 65 2 3 5 0 1 0.197 3.087 0.128 
65 80 2 3 5 0 1 0.179 3.743 0.140 
80 99 2 3 5 0 1 0.176 3.525 0.140 
99 122 2 3 5 0 1 0.172 3.469 0.144 
122 151 2 3 5 0 1 0.156 4.194 0.159 
151 186 2 3 5 0 1 0.151 4.332 0.167 
186 230 2 3 5 0 1 0.137 4.970 0.182 
230 284 2 3 5 0 1 0.126 5.582 0.195 
284 350 2 3 5 0 1 0.121 5.609 0.202 
350 432 2 3 5 0 1 0.115 5.792 0.216 
432 533 2 3 5 0 1 0.092 7.319 0.250 
533 657 2 3 5 0 1 0.071 8.924 0.287 
657 811 2 3 5 0 1 0.040 11.675 0.338 
811 1000 2 3 5 0 1 0.000 15.349 0.401 
15 19 3 4 5 0 1 0.238 3.386 0.136 
19 23 3 4 5 0 1 0.222 3.703 0.139 
23 28 3 4 5 0 1 0.220 3.263 0.132 
28 35 3 4 5 0 1 0.217 3.089 0.127 
35 43 3 4 5 0 1 0.198 3.759 0.137 
43 53 3 4 5 0 1 0.197 3.470 0.131 
53 65 3 4 5 0 1 0.195 3.149 0.127 
65 80 3 4 5 0 1 0.179 3.644 0.137 
80 99 3 4 5 0 1 0.174 3.534 0.140 
99 122 3 4 5 0 1 0.173 3.428 0.142 
122 151 3 4 5 0 1 0.155 4.165 0.157 
151 186 3 4 5 0 1 0.148 4.353 0.167 
186 230 3 4 5 0 1 0.137 4.900 0.181 
230 284 3 4 5 0 1 0.129 5.273 0.190 
284 350 3 4 5 0 1 0.121 5.570 0.202 
350 432 3 4 5 0 1 0.114 5.818 0.216 
432 533 3 4 5 0 1 0.101 6.717 0.241 
533 657 3 4 5 0 1 0.085 8.010 0.273 
657 811 3 4 5 0 1 0.056 10.311 0.320 
811 1000 3 4 5 0 1 0.006 15.117 0.393 
15 19 4 5 5 0 1 0.221 4.217 0.142 
19 23 4 5 5 0 1 0.218 3.498 0.135 
23 28 4 5 5 0 1 0.217 3.284 0.129 
28 35 4 5 5 0 1 0.217 2.963 0.121 
35 43 4 5 5 0 1 0.199 3.515 0.130 
43 53 4 5 5 0 1 0.196 3.404 0.127 
53 65 4 5 5 0 1 0.196 3.004 0.121 
65 80 4 5 5 0 1 0.177 3.746 0.137 
80 99 4 5 5 0 1 0.175 3.442 0.136 
99 122 4 5 5 0 1 0.162 3.981 0.150 
122 151 4 5 5 0 1 0.154 4.197 0.157 
151 186 4 5 5 0 1 0.151 4.201 0.162 
186 230 4 5 5 0 1 0.135 4.992 0.182 
230 284 4 5 5 0 1 0.127 5.323 0.190 
284 350 4 5 5 0 1 0.121 5.466 0.200 
350 432 4 5 5 0 1 0.113 5.855 0.216 
432 533 4 5 5 0 1 0.087 7.512 0.253 
533 657 4 5 5 0 1 0.075 8.661 0.282 
657 811 4 5 5 0 1 0.089 8.195 0.287 
811 1000 4 5 5 0 1 0.037 12.740 0.363 
15 19 5 6 5 0 1 0.215 4.205 0.136 
19 23 5 6 5 0 1 0.212 3.864 0.132 
23 28 5 6 5 0 1 0.217 2.961 0.121 
28 35 5 6 5 0 1 0.197 3.796 0.134 
35 43 5 6 5 0 1 0.198 3.392 0.124 
43 53 5 6 5 0 1 0.196 3.220 0.123 
53 65 5 6 5 0 1 0.181 3.747 0.132 
65 80 5 6 5 0 1 0.179 3.513 0.130 
80 99 5 6 5 0 1 0.175 3.347 0.134 
99 122 5 6 5 0 1 0.159 4.030 0.150 
122 151 5 6 5 0 1 0.153 4.156 0.157 
151 186 5 6 5 0 1 0.145 4.519 0.166 
186 230 5 6 5 0 1 0.136 4.953 0.180 
230 284 5 6 5 0 1 0.127 5.380 0.189 
284 350 5 6 5 0 1 0.118 5.823 0.202 
350 432 5 6 5 0 1 0.110 6.020 0.218 
432 533 5 6 5 0 1 0.100 6.620 0.240 
533 657 5 6 5 0 1 0.079 8.371 0.277 
657 811 5 6 5 0 1 0.040 11.468 0.335 
811 1000 5 6 5 0 1 0.015 14.205 0.384 
15 19 6 7 5 0 1 0.222 3.136 0.118 
19 23 6 7 5 0 1 0.201 4.336 0.129 
23 28 6 7 5 0 1 0.220 2.590 0.109 
28 35 6 7 5 0 1 0.199 3.498 0.124 
35 43 6 7 5 0 1 0.197 3.364 0.121 
43 53 6 7 5 0 1 0.198 2.969 0.116 
53 65 6 7 5 0 1 0.179 3.686 0.130 
65 80 6 7 5 0 1 0.179 3.384 0.128 
80 99 6 7 5 0 1 0.176 3.230 0.130 
99 122 6 7 5 0 1 0.161 3.910 0.146 
122 151 6 7 5 0 1 0.154 4.100 0.154 
151 186 6 7 5 0 1 0.147 4.359 0.163 
186 230 6 7 5 0 1 0.134 5.039 0.179 
230 284 6 7 5 0 1 0.128 5.295 0.187 
284 350 6 7 5 0 1 0.128 5.079 0.190 
350 432 6 7 5 0 1 0.108 6.169 0.219 
432 533 6 7 5 0 1 0.102 6.522 0.237 
533 657 6 7 5 0 1 0.080 8.258 0.275 
657 811 6 7 5 0 1 0.032 11.916 0.342 
811 1000 6 7 5 0 1 0.028 13.134 0.370 
15 19 7 8 5 0 1 0.218 2.873 0.116 
19 23 7 8 5 0 1 0.220 2.719 0.108 
23 28 7 8 5 0 1 0.201 3.542 0.122 
28 35 7 8 5 0 1 0.197 3.434 0.121 
35 43 7 8 5 0 1 0.196 3.035 0.117 
43 53 7 8 5 0 1 0.181 3.858 0.127 
53 65 7 8 5 0 1 0.178 3.701 0.126 
65 80 7 8 5 0 1 0.176 3.506 0.127 
80 99 7 8 5 0 1 0.175 3.182 0.129 
99 122 7 8 5 0 1 0.160 3.880 0.145 
122 151 7 8 5 0 1 0.152 4.147 0.154 
151 186 7 8 5 0 1 0.149 4.133 0.160 
186 230 7 8 5 0 1 0.135 4.913 0.178 
230 284 7 8 5 0 1 0.127 5.368 0.187 
284 350 7 8 5 0 1 0.125 5.221 0.192 
350 432 7 8 5 0 1 0.113 5.791 0.214 
432 533 7 8 5 0 1 0.098 6.678 0.239 
533 657 7 8 5 0 1 0.080 8.255 0.274 
657 811 7 8 5 0 1 0.050 10.534 0.324 
811 1000 7 8 5 0 1 0.016 14.026 0.381 
15 19 8 9 5 0 1 0.217 3.133 0.102 
19 23 8 9 5 0 1 0.220 2.621 0.097 
23 28 8 9 5 0 1 0.196 3.572 0.115 
28 35 8 9 5 0 1 0.199 3.141 0.112 
35 43 8 9 5 0 1 0.197 2.999 0.110 
43 53 8 9 5 0 1 0.181 3.664 0.123 
53 65 8 9 5 0 1 0.180 3.349 0.123 
65 80 8 9 5 0 1 0.178 3.220 0.123 
80 99 8 9 5 0 1 0.164 3.783 0.136 
99 122 8 9 5 0 1 0.159 3.825 0.142 
122 151 8 9 5 0 1 0.153 4.032 0.151 
151 186 8 9 5 0 1 0.144 4.377 0.163 
186 230 8 9 5 0 1 0.134 4.905 0.177 
230 284 8 9 5 0 1 0.127 5.286 0.186 
284 350 8 9 5 0 1 0.120 5.442 0.197 
350 432 8 9 5 0 1 0.114 5.686 0.211 
432 533 8 9 5 0 1 0.100 6.538 0.236 
533 657 8 9 5 0 1 0.068 9.148 0.287 
657 811 8 9 5 0 1 0.029 12.250 0.344 
811 1000 8 9 5 0 1 0.016 14.153 0.381 
15 19 9 10 5 0 1 0.187 5.315 0.124 
19 23 9 10 5 0 1 0.198 3.644 0.108 
23 28 9 10 5 0 1 0.198 2.896 0.108 
28 35 9 10 5 0 1 0.199 2.727 0.108 
35 43 9 10 5 0 1 0.180 3.859 0.122 
43 53 9 10 5 0 1 0.177 3.741 0.123 
53 65 9 10 5 0 1 0.177 3.465 0.122 
65 80 9 10 5 0 1 0.175 3.391 0.122 
80 99 9 10 5 0 1 0.174 3.155 0.125 
99 122 9 10 5 0 1 0.158 3.858 0.142 
122 151 9 10 5 0 1 0.155 3.895 0.147 
151 186 9 10 5 0 1 0.146 4.275 0.159 
186 230 9 10 5 0 1 0.135 4.881 0.174 
230 284 9 10 5 0 1 0.125 5.418 0.188 
284 350 9 10 5 0 1 0.125 5.150 0.192 
350 432 9 10 5 0 1 0.111 5.763 0.212 
432 533 9 10 5 0 1 0.093 6.929 0.243 
533 657 9 10 5 0 1 0.079 8.511 0.273 
657 811 9 10 5 0 1 0.030 12.332 0.343 
811 1000 9 10 5 0 1 0.029 13.214 0.367 
15 19 10 11 5 0 1 0.221 2.398 0.085 
19 23 10 11 5 0 1 0.192 3.537 0.107 
23 28 10 11 5 0 1 0.186 3.652 0.113 
28 35 10 11 5 0 1 0.183 3.723 0.117 
35 43 10 11 5 0 1 0.179 3.863 0.119 
43 53 10 11 5 0 1 0.177 3.576 0.118 
53 65 10 11 5 0 1 0.177 3.382 0.118 
65 80 10 11 5 0 1 0.176 3.250 0.119 
80 99 10 11 5 0 1 0.161 3.844 0.135 
99 122 10 11 5 0 1 0.156 3.985 0.142 
122 151 10 11 5 0 1 0.153 3.876 0.147 
151 186 10 11 5 0 1 0.148 4.148 0.156 
186 230 10 11 5 0 1 0.132 5.021 0.175 
230 284 10 11 5 0 1 0.122 5.583 0.188 
284 350 10 11 5 0 1 0.119 5.431 0.197 
350 432 10 11 5 0 1 0.114 5.591 0.210 
432 533 10 11 5 0 1 0.103 6.429 0.232 
533 657 10 11 5 0 1 0.067 8.974 0.285 
657 811 10 11 5 0 1 0.035 11.707 0.338 
811 1000 10 11 5 0 1 0.000 15.235 0.396 
15 19 11 12 5 0 1 0.005 35.139 0.277 
19 23 11 12 5 0 1 0.202 2.736 0.087 
23 28 11 12 5 0 1 0.195 2.879 0.097 
28 35 11 12 5 0 1 0.183 3.498 0.107 
35 43 11 12 5 0 1 0.179 3.572 0.115 
43 53 11 12 5 0 1 0.176 3.509 0.114 
53 65 11 12 5 0 1 0.176 3.451 0.115 
65 80 11 12 5 0 1 0.175 3.138 0.116 
80 99 11 12 5 0 1 0.160 3.749 0.133 
99 122 11 12 5 0 1 0.158 3.819 0.137 
122 151 11 12 5 0 1 0.153 3.853 0.144 
151 186 11 12 5 0 1 0.142 4.442 0.159 
186 230 11 12 5 0 1 0.134 4.871 0.172 
230 284 11 12 5 0 1 0.131 4.983 0.178 
284 350 11 12 5 0 1 0.116 5.668 0.197 
350 432 11 12 5 0 1 0.112 5.765 0.211 
432 533 11 12 5 0 1 0.102 6.571 0.232 
533 657 11 12 5 0 1 0.065 9.060 0.287 
657 811 11 12 5 0 1 0.093 7.783 0.280 
811 1000 11 12 5 0 1 0.000 15.204 0.394 
15 19 12 13 5 0 1 0.055 50.000 0.222 
19 23 12 13 5 0 1 0.178 4.574 0.106 
23 28 12 13 5 0 1 0.201 2.409 0.087 
28 35 12 13 5 0 1 0.182 3.255 0.106 
35 43 12 13 5 0 1 0.179 3.447 0.107 
43 53 12 13 5 0 1 0.179 3.155 0.109 
53 65 12 13 5 0 1 0.177 3.161 0.112 
65 80 12 13 5 0 1 0.176 2.984 0.112 
80 99 12 13 5 0 1 0.160 3.673 0.130 
99 122 12 13 5 0 1 0.155 3.799 0.137 
122 151 12 13 5 0 1 0.149 4.014 0.147 
151 186 12 13 5 0 1 0.143 4.477 0.157 
186 230 12 13 5 0 1 0.127 5.407 0.178 
230 284 12 13 5 0 1 0.126 5.116 0.182 
284 350 12 13 5 0 1 0.129 4.969 0.183 
350 432 12 13 5 0 1 0.110 6.047 0.211 
432 533 12 13 5 0 1 0.105 6.294 0.226 
533 657 12 13 5 0 1 0.076 8.542 0.275 
657 811 12 13 5 0 1 0.077 8.974 0.293 
811 1000 12 13 5 0 1 0.000 15.343 0.394 
15 19 13 14 5 0 1 0.000 22.301 0.277 
19 23 13 14 5 0 1 0.165 7.010 0.103 
23 28 13 14 5 0 1 0.172 4.103 0.107 
28 35 13 14 5 0 1 0.203 2.091 0.076 
35 43 13 14 5 0 1 0.180 3.199 0.104 
43 53 13 14 5 0 1 0.181 2.813 0.099 
53 65 13 14 5 0 1 0.177 3.022 0.108 
65 80 13 14 5 0 1 0.176 2.889 0.110 
80 99 13 14 5 0 1 0.159 3.695 0.130 
99 122 13 14 5 0 1 0.159 3.611 0.133 
122 151 13 14 5 0 1 0.155 3.748 0.140 
151 186 13 14 5 0 1 0.139 4.655 0.159 
186 230 13 14 5 0 1 0.130 5.158 0.174 
230 284 13 14 5 0 1 0.118 5.676 0.190 
284 350 13 14 5 0 1 0.118 5.451 0.194 
350 432 13 14 5 0 1 0.112 5.465 0.209 
432 533 13 14 5 0 1 0.102 6.531 0.231 
533 657 13 14 5 0 1 0.070 8.921 0.281 
657 811 13 14 5 0 1 0.014 13.353 0.355 
811 1000 13 14 5 0 1 0.000 15.635 0.393 
15 19 14 15 5 0 1 0.145 50.000 0.108 
19 23 14 15 5 0 1 0.052 44.865 0.205 
23 28 14 15 5 0 1 0.178 3.576 0.094 
28 35 14 15 5 0 1 0.184 2.661 0.092 
35 43 14 15 5 0 1 0.173 3.589 0.104 
43 53 14 15 5 0 1 0.179 2.890 0.102 
53 65 14 15 5 0 1 0.163 3.953 0.119 
65 80 14 15 5 0 1 0.157 4.013 0.125 
80 99 14 15 5 0 1 0.157 3.728 0.128 
99 122 14 15 5 0 1 0.154 3.837 0.135 
122 151 14 15 5 0 1 0.146 4.166 0.146 
151 186 14 15 5 0 1 0.144 4.319 0.153 
186 230 14 15 5 0 1 0.132 4.863 0.172 
230 284 14 15 5 0 1 0.129 5.048 0.176 
284 350 14 15 5 0 1 0.127 4.978 0.185 
350 432 14 15 5 0 1 0.102 6.307 0.217 
432 533 14 15 5 0 1 0.098 6.292 0.232 
533 657 14 15 5 0 1 0.048 10.326 0.299 
657 811 14 15 5 0 1 0.000 14.659 0.368 
811 1000 14 15 5 0 1 0.000 15.137 0.394 
15 19 15 16 5 0 1 0.243 38.065 0.045 
19 23 15 16 5 0 1 0.000 1.751 0.156 
23 28 15 16 5 0 1 0.141 8.960 0.122 
28 35 15 16 5 0 1 0.183 2.692 0.088 
35 43 15 16 5 0 1 0.180 2.900 0.092 
43 53 15 16 5 0 1 0.157 4.449 0.116 
53 65 15 16 5 0 1 0.178 2.719 0.102 
65 80 15 16 5 0 1 0.162 3.618 0.116 
80 99 15 16 5 0 1 0.160 3.513 0.125 
99 122 15 16 5 0 1 0.155 3.648 0.130 
122 151 15 16 5 0 1 0.150 3.905 0.142 
151 186 15 16 5 0 1 0.138 4.663 0.157 
186 230 15 16 5 0 1 0.135 4.824 0.167 
230 284 15 16 5 0 1 0.106 6.712 0.197 
284 350 15 16 5 0 1 0.121 5.093 0.185 
350 432 15 16 5 0 1 0.054 11.187 0.260 
432 533 15 16 5 0 1 0.115 5.511 0.212 
533 657 15 16 5 0 1 0.087 7.664 0.261 
657 811 15 16 5 0 1 0.000 13.849 0.368 
811 1000 15 16 5 0 1 0.000 15.308 0.391 
15 19 16 17 5 0 1 0.200 5.000 0.200 
19 23 16 17 5 0 1 0.209 1.317 0.066 
23 28 16 17 5 0 1 0.134 8.001 0.990 
28 35 16 17 5 0 1 0.185 2.017 0.076 
35 43 16 17 5 0 1 0.181 2.425 0.092 
43 53 16 17 5 0 1 0.157 4.827 0.112 
53 65 16 17 5 0 1 0.178 2.680 0.098 
65 80 16 17 5 0 1 0.160 3.767 0.117 
80 99 16 17 5 0 1 0.158 3.676 0.125 
99 122 16 17 5 0 1 0.154 3.684 0.130 
122 151 16 17 5 0 1 0.146 4.100 0.143 
151 186 16 17 5 0 1 0.134 4.701 0.162 
186 230 16 17 5 0 1 0.131 4.828 0.169 
230 284 16 17 5 0 1 0.117 5.998 0.184 
284 350 16 17 5 0 1 0.111 5.845 0.199 
350 432 16 17 5 0 1 0.065 8.935 0.253 
432 533 16 17 5 0 1 0.064 9.582 0.266 
533 657 16 17 5 0 1 0.100 6.961 0.246 
657 811 16 17 5 0 1 0.000 14.962 0.370 
811 1000 16 17 5 0 1 0.000 16.055 0.387 
15 19 17 18 5 0 1 0.200 5.000 0.200 
19 23 17 18 5 0 1 0.239 37.922 0.111 
23 28 17 18 5 0 1 0.000 1.000 0.990 
28 35 17 18 5 0 1 0.000 1.000 0.020 
35 43 17 18 5 0 1 0.178 2.859 0.086 
43 53 17 18 5 0 1 0.182 2.442 0.083 
53 65 17 18 5 0 1 0.158 3.870 0.114 
65 80 17 18 5 0 1 0.159 4.088 0.113 
80 99 17 18 5 0 1 0.157 3.755 0.122 
99 122 17 18 5 0 1 0.155 3.648 0.125 
122 151 17 18 5 0 1 0.144 4.088 0.145 
151 186 17 18 5 0 1 0.144 4.068 0.150 
186 230 17 18 5 0 1 0.119 5.816 0.179 
230 284 17 18 5 0 1 0.113 6.210 0.189 
284 350 17 18 5 0 1 0.105 6.447 0.200 
350 432 17 18 5 0 1 0.110 6.485 0.202 
432 533 17 18 5 0 1 0.077 8.054 0.255 
533 657 17 18 5 0 1 0.078 8.473 0.268 
657 811 17 18 5 0 1 0.023 12.558 0.343 
811 1000 17 18 5 0 1 0.000 15.229 0.394 
15 19 18 19 5 0 1 0.200 5.000 0.200 
19 23 18 19 5 0 1 0.180 20.705 0.060 
23 28 18 19 5 0 1 0.189 1.624 0.104 
28 35 18 19 5 0 1 0.189 1.738 0.050 
35 43 18 19 5 0 1 0.162 3.648 0.097 
43 53 18 19 5 0 1 0.144 5.871 0.116 
53 65 18 19 5 0 1 0.159 3.803 0.110 
65 80 18 19 5 0 1 0.146 4.570 0.121 
80 99 18 19 5 0 1 0.150 4.127 0.126 
99 122 18 19 5 0 1 0.156 3.508 0.124 
122 151 18 19 5 0 1 0.142 4.500 0.143 
151 186 18 19 5 0 1 0.115 6.429 0.174 
186 230 18 19 5 0 1 0.111 6.443 0.184 
230 284 18 19 5 0 1 0.112 6.809 0.190 
284 350 18 19 5 0 1 0.069 11.260 0.237 
350 432 18 19 5 0 1 0.073 8.554 0.244 
432 533 18 19 5 0 1 0.000 13.808 0.326 
533 657 18 19 5 0 1 0.000 14.784 0.348 
657 811 18 19 5 0 1 0.000 16.464 0.363 
811 1000 18 19 5 0 1 0.000 14.715 0.393 
15 19 19 20 5 0 1 0.200 5.000 0.200 
19 23 19 20 5 0 1 0.250 49.993 0.061 
23 28 19 20 5 0 1 0.114 50.000 0.122 
28 35 19 20 5 0 1 0.170 1.000 0.972 
35 43 19 20 5 0 1 0.160 11.080 0.990 
43 53 19 20 5 0 1 0.165 3.870 0.088 
53 65 19 20 5 0 1 0.157 4.142 0.108 
65 80 19 20 5 0 1 0.144 4.803 0.118 
80 99 19 20 5 0 1 0.155 3.663 0.123 
99 122 19 20 5 0 1 0.158 3.486 0.120 
122 151 19 20 5 0 1 0.157 3.317 0.128 
151 186 19 20 5 0 1 0.141 4.507 0.146 
186 230 19 20 5 0 1 0.131 4.570 0.168 
230 284 19 20 5 0 1 0.086 9.333 0.217 
284 350 19 20 5 0 1 0.099 7.655 0.210 
350 432 19 20 5 0 1 0.111 6.030 0.203 
432 533 19 20 5 0 1 0.097 7.476 0.232 
533 657 19 20 5 0 1 0.035 11.942 0.309 
657 811 19 20 5 0 1 0.000 13.482 0.363 
811 1000 19 20 5 0 1 0.000 16.746 0.385 
