[quark]
{2 JetPt Rho 1 x ((x-[0])<0)?0:TMath::Exp(-1.*(x-[0])*[1]/[2])*TMath::Power((x-[0]),[1]-1)*TMath::Power([2]/[1],-1.*[1])/TMath::Gamma([1]) Correction QGL_ptD_quark}
20 26 0 1 5 0 1 0.254 3.115 0.203 
26 32 0 1 5 0 1 0.239 3.471 0.204 
32 40 0 1 5 0 1 0.232 3.233 0.211 
40 51 0 1 5 0 1 0.215 3.761 0.220 
51 64 0 1 5 0 1 0.201 3.782 0.229 
64 80 0 1 5 0 1 0.183 4.273 0.243 
80 101 0 1 5 0 1 0.168 4.638 0.258 
101 127 0 1 5 0 1 0.161 4.546 0.269 
127 159 0 1 5 0 1 0.134 5.496 0.292 
159 200 0 1 5 0 1 0.110 6.784 0.322 
200 252 0 1 5 0 1 0.088 8.030 0.350 
252 317 0 1 5 0 1 0.076 8.776 0.370 
317 399 0 1 5 0 1 0.029 11.811 0.430 
399 502 0 1 5 0 1 0.000 14.413 0.469 
502 632 0 1 5 0 1 0.000 15.614 0.488 
632 795 0 1 5 0 1 0.000 16.798 0.504 
795 1000 0 1 5 0 1 0.000 18.821 0.527 
1000 3500 0 1 5 0 1 0.000 21.223 0.559 
20 26 1 2 5 0 1 0.260 2.672 0.185 
26 32 1 2 5 0 1 0.224 3.767 0.212 
32 40 1 2 5 0 1 0.223 3.439 0.207 
40 51 1 2 5 0 1 0.216 3.288 0.210 
51 64 1 2 5 0 1 0.198 3.727 0.224 
64 80 1 2 5 0 1 0.185 3.953 0.235 
80 101 1 2 5 0 1 0.172 4.295 0.247 
101 127 1 2 5 0 1 0.158 4.763 0.261 
127 159 1 2 5 0 1 0.141 5.459 0.281 
159 200 1 2 5 0 1 0.119 6.364 0.307 
200 252 1 2 5 0 1 0.097 7.578 0.336 
252 317 1 2 5 0 1 0.078 8.577 0.364 
317 399 1 2 5 0 1 0.058 10.126 0.395 
399 502 1 2 5 0 1 0.005 13.830 0.462 
502 632 1 2 5 0 1 0.000 14.993 0.483 
632 795 1 2 5 0 1 0.000 16.472 0.499 
795 1000 1 2 5 0 1 0.000 18.445 0.523 
1000 3500 1 2 5 0 1 0.000 21.193 0.558 
20 26 2 3 5 0 1 0.258 2.524 0.181 
26 32 2 3 5 0 1 0.237 2.951 0.189 
32 40 2 3 5 0 1 0.218 3.422 0.204 
40 51 2 3 5 0 1 0.212 3.329 0.206 
51 64 2 3 5 0 1 0.193 3.772 0.222 
64 80 2 3 5 0 1 0.182 4.013 0.234 
80 101 2 3 5 0 1 0.175 4.051 0.238 
101 127 2 3 5 0 1 0.154 4.827 0.262 
127 159 2 3 5 0 1 0.146 5.072 0.272 
159 200 2 3 5 0 1 0.127 5.868 0.296 
200 252 2 3 5 0 1 0.109 6.856 0.322 
252 317 2 3 5 0 1 0.079 8.478 0.361 
317 399 2 3 5 0 1 0.017 12.405 0.432 
399 502 2 3 5 0 1 0.000 13.984 0.465 
502 632 2 3 5 0 1 0.000 15.214 0.479 
632 795 2 3 5 0 1 0.000 16.048 0.501 
795 1000 2 3 5 0 1 0.000 18.129 0.523 
1000 3500 2 3 5 0 1 0.000 20.886 0.557 
20 26 3 4 5 0 1 0.239 3.037 0.185 
26 32 3 4 5 0 1 0.236 2.880 0.182 
32 40 3 4 5 0 1 0.217 3.285 0.197 
40 51 3 4 5 0 1 0.202 3.504 0.210 
51 64 3 4 5 0 1 0.196 3.652 0.215 
64 80 3 4 5 0 1 0.181 3.918 0.227 
80 101 3 4 5 0 1 0.169 4.303 0.241 
101 127 3 4 5 0 1 0.155 4.702 0.257 
127 159 3 4 5 0 1 0.140 5.332 0.275 
159 200 3 4 5 0 1 0.131 5.652 0.290 
200 252 3 4 5 0 1 0.107 6.785 0.322 
252 317 3 4 5 0 1 0.089 8.033 0.349 
317 399 3 4 5 0 1 0.049 10.505 0.400 
399 502 3 4 5 0 1 0.000 13.785 0.462 
502 632 3 4 5 0 1 0.000 15.270 0.478 
632 795 3 4 5 0 1 0.000 16.375 0.500 
795 1000 3 4 5 0 1 0.000 18.072 0.520 
1000 3500 3 4 5 0 1 0.000 20.424 0.552 
20 26 4 5 5 0 1 0.235 2.837 0.176 
26 32 4 5 5 0 1 0.219 3.186 0.188 
32 40 4 5 5 0 1 0.215 3.241 0.189 
40 51 4 5 5 0 1 0.201 3.491 0.202 
51 64 4 5 5 0 1 0.192 3.684 0.213 
64 80 4 5 5 0 1 0.181 3.834 0.225 
80 101 4 5 5 0 1 0.164 4.405 0.242 
101 127 4 5 5 0 1 0.156 4.573 0.254 
127 159 4 5 5 0 1 0.140 5.226 0.272 
159 200 4 5 5 0 1 0.123 6.040 0.294 
200 252 4 5 5 0 1 0.115 6.404 0.310 
252 317 4 5 5 0 1 0.076 8.712 0.359 
317 399 4 5 5 0 1 0.048 10.516 0.400 
399 502 4 5 5 0 1 0.000 14.023 0.461 
502 632 4 5 5 0 1 0.000 14.565 0.477 
632 795 4 5 5 0 1 0.000 15.960 0.498 
795 1000 4 5 5 0 1 0.000 17.846 0.522 
1000 3500 4 5 5 0 1 0.000 20.619 0.553 
20 26 5 6 5 0 1 0.236 2.578 0.163 
26 32 5 6 5 0 1 0.217 3.124 0.182 
32 40 5 6 5 0 1 0.214 3.029 0.185 
40 51 5 6 5 0 1 0.198 3.473 0.200 
51 64 5 6 5 0 1 0.195 3.372 0.205 
64 80 5 6 5 0 1 0.181 3.844 0.219 
80 101 5 6 5 0 1 0.169 4.113 0.233 
101 127 5 6 5 0 1 0.150 4.815 0.255 
127 159 5 6 5 0 1 0.143 5.101 0.267 
159 200 5 6 5 0 1 0.128 5.701 0.289 
200 252 5 6 5 0 1 0.105 6.953 0.318 
252 317 5 6 5 0 1 0.085 8.210 0.348 
317 399 5 6 5 0 1 0.041 10.883 0.404 
399 502 5 6 5 0 1 0.000 13.818 0.459 
502 632 5 6 5 0 1 0.000 14.979 0.476 
632 795 5 6 5 0 1 0.000 15.979 0.497 
795 1000 5 6 5 0 1 0.000 17.780 0.520 
1000 3500 5 6 5 0 1 0.000 20.130 0.554 
20 26 6 7 5 0 1 0.220 3.010 0.171 
26 32 6 7 5 0 1 0.217 2.983 0.172 
32 40 6 7 5 0 1 0.203 3.381 0.185 
40 51 6 7 5 0 1 0.196 3.382 0.195 
51 64 6 7 5 0 1 0.190 3.461 0.203 
64 80 6 7 5 0 1 0.180 3.714 0.216 
80 101 6 7 5 0 1 0.165 4.255 0.233 
101 127 6 7 5 0 1 0.155 4.650 0.248 
127 159 6 7 5 0 1 0.138 5.257 0.270 
159 200 6 7 5 0 1 0.126 5.774 0.287 
200 252 6 7 5 0 1 0.108 6.756 0.315 
252 317 6 7 5 0 1 0.075 8.588 0.357 
317 399 6 7 5 0 1 0.025 11.885 0.419 
399 502 6 7 5 0 1 0.000 14.063 0.456 
502 632 6 7 5 0 1 0.000 14.879 0.475 
632 795 6 7 5 0 1 0.000 15.974 0.497 
795 1000 6 7 5 0 1 0.000 17.145 0.518 
1000 3500 6 7 5 0 1 0.000 20.354 0.550 
20 26 7 8 5 0 1 0.216 2.920 0.163 
26 32 7 8 5 0 1 0.204 3.292 0.176 
32 40 7 8 5 0 1 0.200 3.290 0.184 
40 51 7 8 5 0 1 0.195 3.369 0.190 
51 64 7 8 5 0 1 0.190 3.383 0.199 
64 80 7 8 5 0 1 0.179 3.705 0.212 
80 101 7 8 5 0 1 0.166 4.207 0.229 
101 127 7 8 5 0 1 0.152 4.666 0.246 
127 159 7 8 5 0 1 0.134 5.396 0.271 
159 200 7 8 5 0 1 0.129 5.631 0.281 
200 252 7 8 5 0 1 0.112 6.628 0.309 
252 317 7 8 5 0 1 0.070 8.993 0.360 
317 399 7 8 5 0 1 0.052 10.129 0.391 
399 502 7 8 5 0 1 0.000 13.893 0.457 
502 632 7 8 5 0 1 0.000 14.586 0.476 
632 795 7 8 5 0 1 0.000 16.000 0.496 
795 1000 7 8 5 0 1 0.000 17.572 0.519 
1000 3500 7 8 5 0 1 0.000 19.883 0.552 
20 26 8 9 5 0 1 0.219 2.603 0.154 
26 32 8 9 5 0 1 0.203 3.209 0.169 
32 40 8 9 5 0 1 0.200 3.124 0.175 
40 51 8 9 5 0 1 0.194 3.253 0.187 
51 64 8 9 5 0 1 0.191 3.230 0.192 
64 80 8 9 5 0 1 0.174 3.706 0.213 
80 101 8 9 5 0 1 0.165 4.089 0.227 
101 127 8 9 5 0 1 0.149 4.840 0.248 
127 159 8 9 5 0 1 0.134 5.322 0.268 
159 200 8 9 5 0 1 0.123 5.855 0.287 
200 252 8 9 5 0 1 0.107 6.734 0.312 
252 317 8 9 5 0 1 0.086 8.134 0.343 
317 399 8 9 5 0 1 0.020 11.986 0.421 
399 502 8 9 5 0 1 0.000 13.903 0.456 
502 632 8 9 5 0 1 0.000 14.943 0.474 
632 795 8 9 5 0 1 0.000 15.663 0.495 
795 1000 8 9 5 0 1 0.000 17.903 0.520 
1000 3500 8 9 5 0 1 0.000 20.418 0.551 
20 26 9 10 5 0 1 0.220 2.384 0.143 
26 32 9 10 5 0 1 0.201 2.930 0.165 
32 40 9 10 5 0 1 0.199 3.078 0.170 
40 51 9 10 5 0 1 0.195 3.081 0.178 
51 64 9 10 5 0 1 0.179 3.668 0.198 
64 80 9 10 5 0 1 0.173 3.866 0.212 
80 101 9 10 5 0 1 0.163 4.117 0.224 
101 127 9 10 5 0 1 0.145 4.904 0.248 
127 159 9 10 5 0 1 0.137 5.177 0.263 
159 200 9 10 5 0 1 0.125 5.822 0.283 
200 252 9 10 5 0 1 0.102 7.021 0.314 
252 317 9 10 5 0 1 0.068 8.808 0.361 
317 399 9 10 5 0 1 0.020 12.044 0.420 
399 502 9 10 5 0 1 0.024 12.575 0.430 
502 632 9 10 5 0 1 0.000 14.372 0.471 
632 795 9 10 5 0 1 0.000 16.309 0.493 
795 1000 9 10 5 0 1 0.000 18.378 0.517 
1000 3500 9 10 5 0 1 0.000 20.452 0.550 
20 26 10 11 5 0 1 0.198 3.141 0.158 
26 32 10 11 5 0 1 0.197 2.998 0.159 
32 40 10 11 5 0 1 0.192 3.311 0.170 
40 51 10 11 5 0 1 0.180 3.628 0.187 
51 64 10 11 5 0 1 0.181 3.438 0.193 
64 80 10 11 5 0 1 0.172 3.824 0.206 
80 101 10 11 5 0 1 0.167 3.971 0.215 
101 127 10 11 5 0 1 0.153 4.450 0.235 
127 159 10 11 5 0 1 0.140 5.079 0.256 
159 200 10 11 5 0 1 0.124 5.862 0.284 
200 252 10 11 5 0 1 0.105 6.842 0.310 
252 317 10 11 5 0 1 0.081 8.258 0.346 
317 399 10 11 5 0 1 0.021 12.168 0.415 
399 502 10 11 5 0 1 0.000 13.993 0.453 
502 632 10 11 5 0 1 0.000 14.245 0.471 
632 795 10 11 5 0 1 0.000 15.915 0.493 
795 1000 10 11 5 0 1 0.000 16.819 0.515 
1000 3500 10 11 5 0 1 0.000 20.224 0.551 
20 26 11 12 5 0 1 0.200 2.875 0.144 
26 32 11 12 5 0 1 0.196 2.905 0.155 
32 40 11 12 5 0 1 0.199 2.718 0.155 
40 51 11 12 5 0 1 0.183 3.325 0.181 
51 64 11 12 5 0 1 0.179 3.479 0.187 
64 80 11 12 5 0 1 0.171 3.664 0.202 
80 101 11 12 5 0 1 0.164 4.010 0.215 
101 127 11 12 5 0 1 0.144 4.892 0.241 
127 159 11 12 5 0 1 0.140 4.913 0.257 
159 200 11 12 5 0 1 0.106 6.493 0.297 
200 252 11 12 5 0 1 0.100 6.943 0.312 
252 317 11 12 5 0 1 0.069 8.912 0.357 
317 399 11 12 5 0 1 0.029 11.612 0.408 
399 502 11 12 5 0 1 0.000 13.601 0.453 
502 632 11 12 5 0 1 0.000 14.876 0.472 
632 795 11 12 5 0 1 0.000 15.787 0.493 
795 1000 11 12 5 0 1 0.000 18.771 0.523 
1000 3500 11 12 5 0 1 0.000 19.243 0.549 
20 26 12 13 5 0 1 0.181 4.129 0.153 
26 32 12 13 5 0 1 0.183 3.434 0.156 
32 40 12 13 5 0 1 0.199 2.733 0.156 
40 51 12 13 5 0 1 0.181 3.314 0.173 
51 64 12 13 5 0 1 0.179 3.553 0.186 
64 80 12 13 5 0 1 0.165 3.916 0.205 
80 101 12 13 5 0 1 0.157 4.296 0.219 
101 127 12 13 5 0 1 0.154 4.426 0.231 
127 159 12 13 5 0 1 0.130 5.376 0.264 
159 200 12 13 5 0 1 0.116 6.176 0.284 
200 252 12 13 5 0 1 0.108 6.647 0.304 
252 317 12 13 5 0 1 0.082 8.218 0.342 
317 399 12 13 5 0 1 0.027 11.331 0.409 
399 502 12 13 5 0 1 0.000 13.931 0.451 
502 632 12 13 5 0 1 0.000 14.430 0.470 
632 795 12 13 5 0 1 0.000 16.433 0.491 
795 1000 12 13 5 0 1 0.000 17.081 0.523 
1000 3500 12 13 5 0 1 0.000 18.740 0.546 
20 26 13 14 5 0 1 0.192 2.898 0.140 
26 32 13 14 5 0 1 0.182 3.487 0.154 
32 40 13 14 5 0 1 0.171 4.135 0.173 
40 51 13 14 5 0 1 0.179 3.316 0.172 
51 64 13 14 5 0 1 0.173 3.665 0.187 
64 80 13 14 5 0 1 0.158 4.097 0.210 
80 101 13 14 5 0 1 0.158 4.215 0.215 
101 127 13 14 5 0 1 0.153 4.461 0.229 
127 159 13 14 5 0 1 0.137 5.177 0.254 
159 200 13 14 5 0 1 0.106 6.424 0.293 
200 252 13 14 5 0 1 0.095 7.174 0.315 
252 317 13 14 5 0 1 0.090 7.496 0.333 
317 399 13 14 5 0 1 0.018 12.002 0.419 
399 502 13 14 5 0 1 0.000 13.586 0.451 
502 632 13 14 5 0 1 0.000 14.703 0.468 
632 795 13 14 5 0 1 0.000 15.966 0.490 
795 1000 13 14 5 0 1 0.000 19.568 0.511 
1000 3500 13 14 5 0 1 0.000 21.471 0.549 
20 26 14 15 5 0 1 0.197 2.493 0.119 
26 32 14 15 5 0 1 0.175 3.237 0.158 
32 40 14 15 5 0 1 0.200 2.601 0.136 
40 51 14 15 5 0 1 0.176 3.579 0.170 
51 64 14 15 5 0 1 0.173 3.500 0.183 
64 80 14 15 5 0 1 0.160 4.182 0.199 
80 101 14 15 5 0 1 0.157 3.912 0.217 
101 127 14 15 5 0 1 0.151 4.710 0.228 
127 159 14 15 5 0 1 0.131 5.291 0.258 
159 200 14 15 5 0 1 0.093 7.174 0.306 
200 252 14 15 5 0 1 0.109 6.278 0.301 
252 317 14 15 5 0 1 0.090 7.530 0.332 
317 399 14 15 5 0 1 0.019 12.240 0.414 
399 502 14 15 5 0 1 0.000 13.320 0.448 
502 632 14 15 5 0 1 0.000 13.828 0.473 
632 795 14 15 5 0 1 0.000 15.004 0.487 
795 1000 14 15 5 0 1 0.000 16.958 0.518 
1000 3500 14 15 5 0 1 0.000 21.542 0.532 
20 26 15 16 5 0 1 0.192 2.685 0.127 
26 32 15 16 5 0 1 0.182 2.504 0.147 
32 40 15 16 5 0 1 0.174 3.627 0.161 
40 51 15 16 5 0 1 0.181 3.142 0.157 
51 64 15 16 5 0 1 0.176 2.865 0.177 
64 80 15 16 5 0 1 0.152 4.390 0.206 
80 101 15 16 5 0 1 0.133 5.558 0.231 
101 127 15 16 5 0 1 0.155 4.251 0.215 
127 159 15 16 5 0 1 0.141 4.869 0.246 
159 200 15 16 5 0 1 0.147 4.506 0.250 
200 252 15 16 5 0 1 0.059 9.526 0.344 
252 317 15 16 5 0 1 0.033 10.756 0.384 
317 399 15 16 5 0 1 0.018 12.019 0.408 
399 502 15 16 5 0 1 0.000 14.173 0.450 
502 632 15 16 5 0 1 0.000 14.619 0.466 
632 795 15 16 5 0 1 0.000 17.581 0.491 
795 1000 15 16 5 0 1 0.000 19.487 0.515 
1000 3500 15 16 5 0 1 0.156 12.783 0.396 
20 26 16 17 5 0 1 0.182 2.498 0.137 
26 32 16 17 5 0 1 0.202 2.232 0.127 
32 40 16 17 5 0 1 0.176 3.368 0.152 
40 51 16 17 5 0 1 0.173 3.422 0.156 
51 64 16 17 5 0 1 0.164 3.495 0.179 
64 80 16 17 5 0 1 0.162 3.674 0.191 
80 101 16 17 5 0 1 0.143 4.785 0.225 
101 127 16 17 5 0 1 0.131 5.541 0.239 
127 159 16 17 5 0 1 0.140 5.146 0.240 
159 200 16 17 5 0 1 0.142 4.690 0.257 
200 252 16 17 5 0 1 0.120 6.156 0.289 
252 317 16 17 5 0 1 0.000 13.091 0.413 
317 399 16 17 5 0 1 0.000 14.526 0.429 
399 502 16 17 5 0 1 0.000 13.040 0.444 
502 632 16 17 5 0 1 0.000 14.393 0.461 
632 795 16 17 5 0 1 0.055 11.697 0.432 
795 1000 16 17 5 0 1 0.000 15.339 0.503 
1000 3500 16 17 5 0 1 0.000 20.173 0.553 
20 26 17 18 5 0 1 0.210 1.053 0.210 
26 32 17 18 5 0 1 0.183 2.584 0.120 
32 40 17 18 5 0 1 0.205 1.837 0.128 
40 51 17 18 5 0 1 0.186 2.185 0.144 
51 64 17 18 5 0 1 0.160 3.119 0.176 
64 80 17 18 5 0 1 0.182 3.145 0.175 
80 101 17 18 5 0 1 0.176 3.650 0.183 
101 127 17 18 5 0 1 0.126 5.680 0.245 
127 159 17 18 5 0 1 0.113 5.598 0.259 
159 200 17 18 5 0 1 0.049 10.030 0.331 
200 252 17 18 5 0 1 0.067 7.944 0.331 
252 317 17 18 5 0 1 0.019 12.022 0.401 
317 399 17 18 5 0 1 0.061 9.761 0.366 
399 502 17 18 5 0 1 0.000 14.069 0.442 
502 632 17 18 5 0 1 0.000 13.893 0.467 
632 795 17 18 5 0 1 0.000 17.124 0.491 
795 1000 17 18 5 0 1 0.000 13.586 0.530 
1000 3500 17 18 5 0 1 0.347 1.602 0.277 
20 26 18 19 5 0 1 0.155 3.085 0.161 
26 32 18 19 5 0 1 0.196 2.620 0.141 
32 40 18 19 5 0 1 0.107 13.427 0.178 
40 51 18 19 5 0 1 0.165 3.769 0.164 
51 64 18 19 5 0 1 0.171 3.467 0.173 
64 80 18 19 5 0 1 0.169 3.102 0.188 
80 101 18 19 5 0 1 0.116 6.772 0.236 
101 127 18 19 5 0 1 0.175 2.929 0.199 
127 159 18 19 5 0 1 0.135 5.061 0.247 
159 200 18 19 5 0 1 0.085 7.766 0.290 
200 252 18 19 5 0 1 0.065 7.725 0.331 
252 317 18 19 5 0 1 0.000 12.148 0.411 
317 399 18 19 5 0 1 0.000 14.880 0.431 
399 502 18 19 5 0 1 0.000 12.997 0.433 
502 632 18 19 5 0 1 0.000 13.719 0.449 
632 795 18 19 5 0 1 0.000 14.420 0.482 
795 1000 18 19 5 0 1 0.267 2.495 0.288 
1000 3500 18 19 5 0 1 0.000 21.169 0.566 
20 26 19 100 5 0 1 0.185 1.707 0.126 
26 32 19 100 5 0 1 0.210 1.032 0.125 
32 40 19 100 5 0 1 0.163 2.597 0.122 
40 51 19 100 5 0 1 0.230 1.079 0.156 
51 64 19 100 5 0 1 0.176 2.919 0.148 
64 80 19 100 5 0 1 0.168 3.240 0.157 
80 101 19 100 5 0 1 0.183 2.768 0.168 
101 127 19 100 5 0 1 0.150 4.441 0.221 
127 159 19 100 5 0 1 0.178 2.821 0.190 
159 200 19 100 5 0 1 0.124 5.297 0.266 
200 252 19 100 5 0 1 0.056 8.147 0.333 
252 317 19 100 5 0 1 0.000 12.918 0.402 
317 399 19 100 5 0 1 0.000 13.209 0.425 
399 502 19 100 5 0 1 0.000 14.440 0.456 
502 632 19 100 5 0 1 0.000 13.521 0.452 
632 795 19 100 5 0 1 0.000 13.517 0.486 
795 1000 19 100 5 0 1 0.000 22.150 0.520 
1000 3500 19 100 5 0 1 0.097 5.849 0.481 
[gluon]
{2 JetPt Rho 1 x ((x-[0])<0)?0:TMath::Exp(-1.*(x-[0])*[1]/[2])*TMath::Power((x-[0]),[1]-1)*TMath::Power([2]/[1],-1.*[1])/TMath::Gamma([1]) Correction QGL_ptD_gluon}
20 26 0 1 5 0 1 0.238 3.654 0.151 
26 32 0 1 5 0 1 0.239 2.930 0.134 
32 40 0 1 5 0 1 0.219 3.380 0.142 
40 51 0 1 5 0 1 0.202 3.760 0.146 
51 64 0 1 5 0 1 0.197 3.561 0.144 
64 80 0 1 5 0 1 0.191 3.387 0.143 
80 101 0 1 5 0 1 0.176 3.721 0.153 
101 127 0 1 5 0 1 0.173 3.611 0.153 
127 159 0 1 5 0 1 0.154 4.291 0.170 
159 200 0 1 5 0 1 0.150 4.329 0.176 
200 252 0 1 5 0 1 0.128 5.292 0.204 
252 317 0 1 5 0 1 0.130 4.975 0.211 
317 399 0 1 5 0 1 0.114 6.394 0.236 
399 502 0 1 5 0 1 0.049 10.504 0.316 
502 632 0 1 5 0 1 0.000 15.167 0.386 
632 795 0 1 5 0 1 0.000 14.142 0.401 
795 1000 0 1 5 0 1 0.000 16.030 0.428 
1000 3500 0 1 5 0 1 0.000 18.906 0.465 
20 26 1 2 5 0 1 0.237 3.433 0.141 
26 32 1 2 5 0 1 0.221 3.734 0.144 
32 40 1 2 5 0 1 0.217 3.304 0.136 
40 51 1 2 5 0 1 0.214 2.989 0.129 
51 64 1 2 5 0 1 0.197 3.372 0.138 
64 80 1 2 5 0 1 0.194 3.118 0.136 
80 101 1 2 5 0 1 0.178 3.553 0.146 
101 127 1 2 5 0 1 0.173 3.459 0.149 
127 159 1 2 5 0 1 0.157 3.996 0.164 
159 200 1 2 5 0 1 0.153 4.009 0.170 
200 252 1 2 5 0 1 0.140 4.564 0.189 
252 317 1 2 5 0 1 0.125 5.333 0.213 
317 399 1 2 5 0 1 0.104 6.628 0.244 
399 502 1 2 5 0 1 0.085 8.019 0.278 
502 632 1 2 5 0 1 0.000 14.139 0.380 
632 795 1 2 5 0 1 0.000 14.787 0.398 
795 1000 1 2 5 0 1 0.000 14.946 0.431 
1000 3500 1 2 5 0 1 0.000 16.558 0.456 
20 26 2 3 5 0 1 0.235 3.202 0.135 
26 32 2 3 5 0 1 0.218 3.524 0.139 
32 40 2 3 5 0 1 0.216 3.145 0.131 
40 51 2 3 5 0 1 0.199 3.559 0.138 
51 64 2 3 5 0 1 0.196 3.242 0.134 
64 80 2 3 5 0 1 0.181 3.673 0.144 
80 101 2 3 5 0 1 0.176 3.563 0.145 
101 127 2 3 5 0 1 0.173 3.414 0.146 
127 159 2 3 5 0 1 0.158 3.912 0.161 
159 200 2 3 5 0 1 0.151 4.084 0.170 
200 252 2 3 5 0 1 0.139 4.576 0.187 
252 317 2 3 5 0 1 0.127 5.111 0.207 
317 399 2 3 5 0 1 0.107 6.204 0.238 
399 502 2 3 5 0 1 0.097 7.020 0.264 
502 632 2 3 5 0 1 0.010 13.709 0.368 
632 795 2 3 5 0 1 0.000 14.596 0.401 
795 1000 2 3 5 0 1 0.000 15.989 0.420 
1000 3500 2 3 5 0 1 0.000 16.642 0.450 
20 26 3 4 5 0 1 0.220 3.737 0.139 
26 32 3 4 5 0 1 0.218 3.319 0.131 
32 40 3 4 5 0 1 0.216 2.938 0.125 
40 51 3 4 5 0 1 0.199 3.394 0.134 
51 64 3 4 5 0 1 0.197 3.045 0.130 
64 80 3 4 5 0 1 0.180 3.655 0.141 
80 101 3 4 5 0 1 0.178 3.380 0.141 
101 127 3 4 5 0 1 0.172 3.430 0.144 
127 159 3 4 5 0 1 0.156 3.935 0.160 
159 200 3 4 5 0 1 0.150 4.080 0.169 
200 252 3 4 5 0 1 0.137 4.599 0.188 
252 317 3 4 5 0 1 0.127 5.097 0.206 
317 399 3 4 5 0 1 0.107 6.224 0.238 
399 502 3 4 5 0 1 0.083 7.777 0.276 
502 632 3 4 5 0 1 0.058 9.847 0.320 
632 795 3 4 5 0 1 0.000 14.579 0.400 
795 1000 3 4 5 0 1 0.000 16.019 0.418 
1000 3500 3 4 5 0 1 0.000 18.268 0.448 
20 26 4 5 5 0 1 0.217 3.548 0.133 
26 32 4 5 5 0 1 0.215 3.156 0.127 
32 40 4 5 5 0 1 0.201 3.575 0.133 
40 51 4 5 5 0 1 0.198 3.311 0.130 
51 64 4 5 5 0 1 0.197 2.932 0.125 
64 80 4 5 5 0 1 0.179 3.554 0.139 
80 101 4 5 5 0 1 0.176 3.404 0.139 
101 127 4 5 5 0 1 0.173 3.257 0.141 
127 159 4 5 5 0 1 0.156 3.896 0.158 
159 200 4 5 5 0 1 0.151 3.977 0.166 
200 252 4 5 5 0 1 0.140 4.434 0.183 
252 317 4 5 5 0 1 0.127 5.104 0.205 
317 399 4 5 5 0 1 0.109 6.055 0.235 
399 502 4 5 5 0 1 0.088 7.525 0.270 
502 632 4 5 5 0 1 0.053 10.443 0.324 
632 795 4 5 5 0 1 0.000 14.474 0.397 
795 1000 4 5 5 0 1 0.000 16.048 0.420 
1000 3500 4 5 5 0 1 0.000 16.414 0.447 
20 26 5 6 5 0 1 0.216 3.274 0.126 
26 32 5 6 5 0 1 0.203 3.662 0.131 
32 40 5 6 5 0 1 0.199 3.453 0.129 
40 51 5 6 5 0 1 0.197 3.129 0.126 
51 64 5 6 5 0 1 0.196 2.838 0.123 
64 80 5 6 5 0 1 0.179 3.460 0.136 
80 101 5 6 5 0 1 0.176 3.328 0.137 
101 127 5 6 5 0 1 0.162 3.835 0.150 
127 159 5 6 5 0 1 0.156 3.861 0.156 
159 200 5 6 5 0 1 0.150 3.941 0.166 
200 252 5 6 5 0 1 0.138 4.466 0.184 
252 317 5 6 5 0 1 0.127 5.046 0.203 
317 399 5 6 5 0 1 0.108 6.133 0.235 
399 502 5 6 5 0 1 0.090 7.494 0.268 
502 632 5 6 5 0 1 0.044 10.799 0.332 
632 795 5 6 5 0 1 0.000 14.265 0.395 
795 1000 5 6 5 0 1 0.000 15.675 0.422 
1000 3500 5 6 5 0 1 0.000 16.592 0.447 
20 26 6 7 5 0 1 0.216 3.041 0.119 
26 32 6 7 5 0 1 0.200 3.528 0.127 
32 40 6 7 5 0 1 0.198 3.265 0.124 
40 51 6 7 5 0 1 0.197 2.998 0.121 
51 64 6 7 5 0 1 0.181 3.545 0.133 
64 80 6 7 5 0 1 0.177 3.498 0.135 
80 101 6 7 5 0 1 0.175 3.239 0.134 
101 127 6 7 5 0 1 0.161 3.838 0.148 
127 159 6 7 5 0 1 0.155 3.899 0.156 
159 200 6 7 5 0 1 0.148 4.082 0.167 
200 252 6 7 5 0 1 0.138 4.435 0.183 
252 317 6 7 5 0 1 0.128 4.829 0.201 
317 399 6 7 5 0 1 0.109 5.974 0.232 
399 502 6 7 5 0 1 0.084 7.705 0.273 
502 632 6 7 5 0 1 0.061 9.708 0.315 
632 795 6 7 5 0 1 0.000 14.506 0.397 
795 1000 6 7 5 0 1 0.000 15.120 0.417 
1000 3500 6 7 5 0 1 0.000 16.575 0.449 
20 26 7 8 5 0 1 0.200 3.788 0.125 
26 32 7 8 5 0 1 0.199 3.404 0.122 
32 40 7 8 5 0 1 0.198 3.100 0.119 
40 51 7 8 5 0 1 0.197 2.842 0.117 
51 64 7 8 5 0 1 0.179 3.549 0.131 
64 80 7 8 5 0 1 0.178 3.356 0.130 
80 101 7 8 5 0 1 0.174 3.239 0.133 
101 127 7 8 5 0 1 0.160 3.791 0.147 
127 159 7 8 5 0 1 0.154 3.913 0.155 
159 200 7 8 5 0 1 0.149 3.961 0.163 
200 252 7 8 5 0 1 0.137 4.510 0.182 
252 317 7 8 5 0 1 0.129 4.809 0.199 
317 399 7 8 5 0 1 0.112 5.863 0.229 
399 502 7 8 5 0 1 0.088 7.431 0.269 
502 632 7 8 5 0 1 0.052 10.097 0.322 
632 795 7 8 5 0 1 0.000 14.612 0.396 
795 1000 7 8 5 0 1 0.000 15.402 0.417 
1000 3500 7 8 5 0 1 0.000 17.217 0.448 
20 26 8 9 5 0 1 0.197 3.698 0.121 
26 32 8 9 5 0 1 0.198 3.203 0.116 
32 40 8 9 5 0 1 0.197 3.021 0.115 
40 51 8 9 5 0 1 0.181 3.705 0.128 
51 64 8 9 5 0 1 0.180 3.355 0.127 
64 80 8 9 5 0 1 0.178 3.154 0.127 
80 101 8 9 5 0 1 0.175 3.174 0.131 
101 127 8 9 5 0 1 0.160 3.752 0.145 
127 159 8 9 5 0 1 0.156 3.726 0.152 
159 200 8 9 5 0 1 0.150 3.833 0.161 
200 252 8 9 5 0 1 0.138 4.379 0.180 
252 317 8 9 5 0 1 0.126 5.000 0.201 
317 399 8 9 5 0 1 0.108 6.142 0.232 
399 502 8 9 5 0 1 0.087 7.539 0.269 
502 632 8 9 5 0 1 0.057 9.769 0.317 
632 795 8 9 5 0 1 0.000 14.688 0.397 
795 1000 8 9 5 0 1 0.000 15.523 0.419 
1000 3500 8 9 5 0 1 0.000 17.231 0.442 
20 26 9 10 5 0 1 0.199 3.138 0.114 
26 32 9 10 5 0 1 0.196 3.164 0.113 
32 40 9 10 5 0 1 0.183 3.686 0.123 
40 51 9 10 5 0 1 0.181 3.498 0.124 
51 64 9 10 5 0 1 0.179 3.347 0.124 
64 80 9 10 5 0 1 0.177 3.158 0.126 
80 101 9 10 5 0 1 0.175 3.080 0.128 
101 127 9 10 5 0 1 0.159 3.691 0.144 
127 159 9 10 5 0 1 0.154 3.789 0.151 
159 200 9 10 5 0 1 0.148 3.961 0.162 
200 252 9 10 5 0 1 0.138 4.391 0.180 
252 317 9 10 5 0 1 0.124 5.165 0.202 
317 399 9 10 5 0 1 0.110 5.884 0.227 
399 502 9 10 5 0 1 0.081 8.086 0.273 
502 632 9 10 5 0 1 0.006 13.045 0.367 
632 795 9 10 5 0 1 0.022 13.493 0.374 
795 1000 9 10 5 0 1 0.000 15.983 0.418 
1000 3500 9 10 5 0 1 0.000 17.499 0.450 
20 26 10 11 5 0 1 0.197 3.169 0.108 
26 32 10 11 5 0 1 0.183 3.786 0.120 
32 40 10 11 5 0 1 0.180 3.650 0.121 
40 51 10 11 5 0 1 0.180 3.360 0.121 
51 64 10 11 5 0 1 0.178 3.288 0.123 
64 80 10 11 5 0 1 0.177 3.069 0.124 
80 101 10 11 5 0 1 0.162 3.739 0.138 
101 127 10 11 5 0 1 0.158 3.778 0.142 
127 159 10 11 5 0 1 0.155 3.651 0.149 
159 200 10 11 5 0 1 0.144 4.140 0.164 
200 252 10 11 5 0 1 0.136 4.405 0.180 
252 317 10 11 5 0 1 0.120 5.242 0.204 
317 399 10 11 5 0 1 0.103 6.286 0.235 
399 502 10 11 5 0 1 0.085 7.546 0.270 
502 632 10 11 5 0 1 0.022 11.978 0.349 
632 795 10 11 5 0 1 0.000 14.256 0.394 
795 1000 10 11 5 0 1 0.000 14.766 0.421 
1000 3500 10 11 5 0 1 0.000 16.954 0.453 
20 26 11 12 5 0 1 0.198 2.941 0.102 
26 32 11 12 5 0 1 0.180 3.749 0.117 
32 40 11 12 5 0 1 0.181 3.400 0.115 
40 51 11 12 5 0 1 0.179 3.277 0.117 
51 64 11 12 5 0 1 0.176 3.234 0.120 
64 80 11 12 5 0 1 0.177 2.986 0.120 
80 101 11 12 5 0 1 0.162 3.684 0.136 
101 127 11 12 5 0 1 0.159 3.578 0.140 
127 159 11 12 5 0 1 0.155 3.613 0.147 
159 200 11 12 5 0 1 0.150 3.707 0.157 
200 252 11 12 5 0 1 0.137 4.432 0.177 
252 317 11 12 5 0 1 0.126 4.834 0.197 
317 399 11 12 5 0 1 0.107 6.093 0.230 
399 502 11 12 5 0 1 0.074 8.102 0.278 
502 632 11 12 5 0 1 0.018 12.330 0.353 
632 795 11 12 5 0 1 0.000 14.566 0.392 
795 1000 11 12 5 0 1 0.000 15.098 0.422 
1000 3500 11 12 5 0 1 0.000 17.545 0.446 
20 26 12 13 5 0 1 0.182 3.675 0.112 
26 32 12 13 5 0 1 0.181 3.465 0.112 
32 40 12 13 5 0 1 0.180 3.346 0.110 
40 51 12 13 5 0 1 0.178 3.263 0.116 
51 64 12 13 5 0 1 0.177 3.058 0.117 
64 80 12 13 5 0 1 0.177 2.885 0.118 
80 101 12 13 5 0 1 0.161 3.681 0.133 
101 127 12 13 5 0 1 0.158 3.539 0.140 
127 159 12 13 5 0 1 0.155 3.617 0.146 
159 200 12 13 5 0 1 0.150 3.723 0.155 
200 252 12 13 5 0 1 0.135 4.411 0.178 
252 317 12 13 5 0 1 0.121 5.358 0.201 
317 399 12 13 5 0 1 0.091 7.108 0.244 
399 502 12 13 5 0 1 0.090 6.981 0.263 
502 632 12 13 5 0 1 0.043 10.779 0.327 
632 795 12 13 5 0 1 0.000 14.629 0.393 
795 1000 12 13 5 0 1 0.000 15.252 0.418 
1000 3500 12 13 5 0 1 0.000 17.638 0.438 
20 26 13 14 5 0 1 0.180 3.696 0.107 
26 32 13 14 5 0 1 0.180 3.429 0.108 
32 40 13 14 5 0 1 0.180 3.168 0.107 
40 51 13 14 5 0 1 0.178 3.124 0.111 
51 64 13 14 5 0 1 0.165 3.746 0.124 
64 80 13 14 5 0 1 0.163 3.560 0.127 
80 101 13 14 5 0 1 0.159 3.675 0.133 
101 127 13 14 5 0 1 0.158 3.498 0.137 
127 159 13 14 5 0 1 0.152 3.725 0.147 
159 200 13 14 5 0 1 0.140 4.210 0.164 
200 252 13 14 5 0 1 0.138 4.186 0.174 
252 317 13 14 5 0 1 0.126 4.796 0.193 
317 399 13 14 5 0 1 0.101 6.467 0.233 
399 502 13 14 5 0 1 0.083 7.804 0.268 
502 632 13 14 5 0 1 0.000 12.568 0.370 
632 795 13 14 5 0 1 0.000 13.451 0.387 
795 1000 13 14 5 0 1 0.000 13.649 0.409 
1000 3500 13 14 5 0 1 0.000 15.544 0.452 
20 26 14 15 5 0 1 0.178 3.561 0.102 
26 32 14 15 5 0 1 0.181 3.111 0.103 
32 40 14 15 5 0 1 0.181 2.954 0.102 
40 51 14 15 5 0 1 0.165 3.689 0.120 
51 64 14 15 5 0 1 0.179 2.855 0.108 
64 80 14 15 5 0 1 0.162 3.637 0.126 
80 101 14 15 5 0 1 0.158 3.630 0.134 
101 127 14 15 5 0 1 0.159 3.390 0.134 
127 159 14 15 5 0 1 0.152 3.691 0.146 
159 200 14 15 5 0 1 0.141 4.152 0.161 
200 252 14 15 5 0 1 0.137 4.354 0.172 
252 317 14 15 5 0 1 0.134 4.425 0.186 
317 399 14 15 5 0 1 0.112 5.626 0.223 
399 502 14 15 5 0 1 0.078 8.000 0.271 
502 632 14 15 5 0 1 0.032 11.289 0.334 
632 795 14 15 5 0 1 0.000 15.437 0.389 
795 1000 14 15 5 0 1 0.000 16.472 0.420 
1000 3500 14 15 5 0 1 0.000 17.439 0.460 
20 26 15 16 5 0 1 0.181 3.151 0.099 
26 32 15 16 5 0 1 0.179 3.088 0.097 
32 40 15 16 5 0 1 0.178 3.030 0.102 
40 51 15 16 5 0 1 0.179 2.876 0.104 
51 64 15 16 5 0 1 0.177 2.911 0.108 
64 80 15 16 5 0 1 0.160 3.783 0.125 
80 101 15 16 5 0 1 0.158 3.550 0.130 
101 127 15 16 5 0 1 0.158 3.516 0.134 
127 159 15 16 5 0 1 0.154 3.442 0.139 
159 200 15 16 5 0 1 0.139 4.268 0.162 
200 252 15 16 5 0 1 0.132 4.531 0.177 
252 317 15 16 5 0 1 0.133 4.435 0.185 
317 399 15 16 5 0 1 0.099 6.230 0.234 
399 502 15 16 5 0 1 0.057 10.021 0.288 
502 632 15 16 5 0 1 0.014 12.856 0.352 
632 795 15 16 5 0 1 0.000 15.714 0.382 
795 1000 15 16 5 0 1 0.000 9.613 0.417 
1000 3500 15 16 5 0 1 0.000 6.847 0.476 
20 26 16 17 5 0 1 0.180 2.997 0.089 
26 32 16 17 5 0 1 0.185 2.454 0.088 
32 40 16 17 5 0 1 0.182 2.736 0.098 
40 51 16 17 5 0 1 0.181 2.537 0.098 
51 64 16 17 5 0 1 0.181 2.592 0.101 
64 80 16 17 5 0 1 0.162 3.306 0.121 
80 101 16 17 5 0 1 0.156 3.790 0.130 
101 127 16 17 5 0 1 0.157 3.630 0.134 
127 159 16 17 5 0 1 0.150 3.675 0.145 
159 200 16 17 5 0 1 0.139 4.188 0.158 
200 252 16 17 5 0 1 0.132 4.344 0.174 
252 317 16 17 5 0 1 0.097 7.387 0.217 
317 399 16 17 5 0 1 0.048 10.305 0.286 
399 502 16 17 5 0 1 0.080 7.695 0.268 
502 632 16 17 5 0 1 0.000 1.000 0.292 
632 795 16 17 5 0 1 0.000 14.301 0.398 
795 1000 16 17 5 0 1 0.000 12.872 0.459 
1000 3500 16 17 5 0 1 0.000 7.642 0.494 
20 26 17 18 5 0 1 0.209 1.448 0.066 
26 32 17 18 5 0 1 0.156 4.860 0.110 
32 40 17 18 5 0 1 0.207 1.468 0.071 
40 51 17 18 5 0 1 0.162 3.685 0.113 
51 64 17 18 5 0 1 0.159 4.079 0.119 
64 80 17 18 5 0 1 0.163 3.300 0.117 
80 101 17 18 5 0 1 0.157 3.737 0.125 
101 127 17 18 5 0 1 0.143 4.388 0.146 
127 159 17 18 5 0 1 0.156 3.510 0.136 
159 200 17 18 5 0 1 0.139 3.943 0.159 
200 252 17 18 5 0 1 0.135 4.613 0.173 
252 317 17 18 5 0 1 0.117 5.646 0.194 
317 399 17 18 5 0 1 0.143 3.716 0.181 
399 502 17 18 5 0 1 0.013 12.245 0.323 
502 632 17 18 5 0 1 0.000 12.486 0.371 
632 795 17 18 5 0 1 0.000 15.194 0.398 
795 1000 17 18 5 0 1 0.000 12.364 0.437 
1000 3500 17 18 5 0 1 0.029 8.338 0.412 
20 26 18 19 5 0 1 0.187 2.351 0.087 
26 32 18 19 5 0 1 0.198 2.205 0.072 
32 40 18 19 5 0 1 0.158 4.101 0.108 
40 51 18 19 5 0 1 0.156 4.121 0.111 
51 64 18 19 5 0 1 0.145 5.348 0.125 
64 80 18 19 5 0 1 0.156 3.921 0.120 
80 101 18 19 5 0 1 0.158 3.384 0.123 
101 127 18 19 5 0 1 0.160 3.243 0.127 
127 159 18 19 5 0 1 0.140 1.922 0.002 
159 200 18 19 5 0 1 0.141 3.767 0.154 
200 252 18 19 5 0 1 0.133 4.690 0.170 
252 317 18 19 5 0 1 0.093 7.887 0.221 
317 399 18 19 5 0 1 0.156 3.194 0.170 
399 502 18 19 5 0 1 0.095 6.098 0.246 
502 632 18 19 5 0 1 0.000 14.052 0.365 
632 795 18 19 5 0 1 0.000 8.158 0.405 
795 1000 18 19 5 0 1 0.261 1.508 0.176 
1000 3500 18 19 5 0 1 0.000 22.429 0.441 
20 26 19 100 5 0 1 0.135 8.446 0.119 
26 32 19 100 5 0 1 0.210 1.057 0.052 
32 40 19 100 5 0 1 0.148 4.948 0.113 
40 51 19 100 5 0 1 0.230 1.049 0.055 
51 64 19 100 5 0 1 0.164 3.054 0.102 
64 80 19 100 5 0 1 0.156 3.360 0.119 
80 101 19 100 5 0 1 0.181 2.400 0.092 
101 127 19 100 5 0 1 0.157 3.255 0.123 
127 159 19 100 5 0 1 0.138 3.887 0.146 
159 200 19 100 5 0 1 0.144 3.454 0.149 
200 252 19 100 5 0 1 0.122 5.226 0.181 
252 317 19 100 5 0 1 0.120 5.880 0.190 
317 399 19 100 5 0 1 0.097 7.098 0.232 
399 502 19 100 5 0 1 0.035 10.042 0.310 
502 632 19 100 5 0 1 0.000 10.405 0.378 
632 795 19 100 5 0 1 0.000 12.071 0.398 
795 1000 19 100 5 0 1 0.062 3.917 0.421 
1000 3500 19 100 5 0 1 0.031 9.798 0.425 
