110  19.84  0.125   -0.082  0.079  -0.071  1.398  0.005  -0.002  0.023  -0.021  0.00282  0.0482  0.146266
110.5  19.65  0.125   -0.082  0.079  -0.071  1.391  0.005  -0.002  0.023  -0.021  0.00284  0.0513  0.146394
111  19.48  0.124   -0.082  0.079  -0.071  1.384  0.004  -0.002  0.023  -0.021  0.00287  0.0546  0.146337
111.5  19.3  0.124   -0.082  0.079  -0.071  1.378  0.004  -0.002  0.023  -0.021  0.00289  0.058  0.146552
112  19.13  0.124   -0.082  0.079  -0.071  1.371  0.004  -0.002  0.023  -0.021  0.00292  0.0616  0.146429
112.5  18.95  0.123   -0.081  0.079  -0.071  1.364  0.003  -0.002  0.023  -0.021  0.00295  0.0654  0.14633
113  18.79  0.123   -0.081  0.079  -0.072  1.358  0.003  -0.002  0.023  -0.021  0.00297  0.0693  0.145743
113.5  18.62  0.123   -0.081  0.079  -0.072  1.351  0.003  -0.002  0.023  -0.021  0.003  0.0734  0.145777
114  18.45  0.122   -0.081  0.079  -0.072  1.345  0.003  -0.002  0.023  -0.021  0.00303  0.0776  0.146907
114.5  18.29  0.121   -0.081  0.079  -0.072  1.339  0.002  -0.002  0.023  -0.021  0.00306  0.0821  0.146163
115  18.13  0.121   -0.081  0.079  -0.072  1.332  0.002  -0.002  0.023  -0.021  0.00309  0.0867  0.146482
115.5  17.97  0.121   -0.081  0.079  -0.072  1.326  0.002  -0.002  0.024  -0.021  0.00313  0.0914  0.146608
116  17.82  0.121   -0.081  0.079  -0.072  1.319  0.002  -0.002  0.024  -0.021  0.00316  0.0964  0.146266
116.5  17.66  0.12   -0.081  0.079  -0.072  1.313  0.002  -0.003  0.024  -0.021  0.00319  0.102  0.146078
117  17.51  0.12   -0.08  0.079  -0.072  1.307  0.003  -0.003  0.024  -0.021  0.00323  0.107  0.145794
117.5  17.36  0.12   -0.079  0.079  -0.072  1.3  0.003  -0.003  0.024  -0.021  0.00327  0.112  0.146429
118  17.21  0.12   -0.079  0.078  -0.072  1.294  0.003  -0.003  0.024  -0.021  0.00331  0.118  0.14661
118.5  17.06  0.12   -0.079  0.078  -0.072  1.288  0.003  -0.003  0.024  -0.021  0.00335  0.124  0.145968
119  16.92  0.119   -0.079  0.078  -0.072  1.282  0.003  -0.003  0.024  -0.021  0.00339  0.13  0.146154
119.5  16.78  0.119   -0.079  0.078  -0.072  1.276  0.003  -0.003  0.024  -0.021  0.00343  0.136  0.146324
120  16.63  0.119   -0.079  0.078  -0.072  1.269  0.003  -0.004  0.024  -0.021  0.00348  0.143  0.146154
120.5  16.49  0.119   -0.079  0.078  -0.072  1.263  0.003  -0.003  0.024  -0.021  0.00352  0.149  0.146309
121  16.36  0.119   -0.079  0.078  -0.072  1.257  0.003  -0.003  0.024  -0.021  0.00357  0.156  0.146154
121.5  16.22  0.118   -0.079  0.078  -0.072  1.251  0.003  -0.003  0.024  -0.021  0.00362  0.163  0.146012
122  16.08  0.118   -0.079  0.078  -0.072  1.246  0.003  -0.003  0.024  -0.021  0.00368  0.17  0.146471
122.5  15.94  0.118   -0.078  0.078  -0.073  1.24  0.003  -0.003  0.024  -0.021  0.00373  0.177  0.146328
123  15.82  0.117   -0.078  0.078  -0.073  1.234  0.003  -0.003  0.024  -0.021  0.00379  0.185  0.145946
123.5  15.69  0.117   -0.078  0.078  -0.073  1.228  0.003  -0.003  0.025  -0.021  0.00385  0.192  0.146875
124  15.56  0.117   -0.078  0.078  -0.073  1.222  0.003  -0.003  0.025  -0.021  0.00391  0.2  0.1465
124.5  15.43  0.117   -0.078  0.078  -0.073  1.216  0.003  -0.003  0.025  -0.021  0.00397  0.208  0.146635
125  15.31  0.117   -0.078  0.078  -0.073  1.211  0.003  -0.003  0.025  -0.021  0.00404  0.216  0.146759
125.5  15.18  0.117   -0.078  0.078  -0.073  1.205  0.003  -0.003  0.025  -0.021  0.00411  0.224  0.146875
126  15.06  0.116   -0.078  0.078  -0.073  1.199  0.003  -0.003  0.025  -0.021  0.00418  0.233  0.146352
126.5  14.94  0.116   -0.078  0.078  -0.073  1.193  0.003  -0.003  0.025  -0.021  0.00425  0.241  0.146473
127  14.82  0.116   -0.078  0.078  -0.073  1.188  0.003  -0.002  0.025  -0.021  0.00433  0.25  0.1464
127.5  14.7  0.115   -0.078  0.078  -0.074  1.182  0.003  -0.002  0.025  -0.021  0.00441  0.259  0.146332
128  14.58  0.115   -0.077  0.078  -0.074  1.176  0.003  -0.002  0.025  -0.021  0.0045  0.268  0.146269
128.5  14.46  0.115   -0.077  0.078  -0.074  1.171  0.003  -0.002  0.025  -0.021  0.00459  0.277  0.14657
129  14.35  0.115   -0.077  0.078  -0.074  1.165  0.003  -0.002  0.025  -0.021  0.00468  0.286  0.146503
129.5  14.23  0.113   -0.077  0.078  -0.074  1.159  0.003  -0.002  0.025  -0.021  0.00477  0.295  0.146441
130  14.12  0.113   -0.077  0.078  -0.074  1.154  0.003  -0.002  0.025  -0.021  0.00488  0.305  0.14623
130.5  14.01  0.113   -0.076  0.078  -0.074  1.148  0.003  -0.002  0.025  -0.021  0.00498  0.314  0.146497
131  13.9  0.113   -0.076  0.078  -0.074  1.143  0.003  -0.002  0.025  -0.021  0.00509  0.324  0.146296
131.5  13.8  0.113   -0.077  0.078  -0.074  1.137  0.004  -0.002  0.025  -0.021  0.0052  0.333  0.146547
132  13.69  0.113   -0.077  0.078  -0.074  1.132  0.004  -0.002  0.025  -0.021  0.00532  0.343  0.146356
132.5  13.58  0.112   -0.075  0.078  -0.074  1.126  0.004  -0.002  0.025  -0.021  0.00544  0.353  0.146459
133  13.48  0.112   -0.075  0.078  -0.075  1.121  0.004  -0.001  0.025  -0.021  0.00557  0.363  0.146281
133.5  13.37  0.112   -0.075  0.078  -0.075  1.115  0.004  -0.001  0.025  -0.021  0.00571  0.373  0.146381
134  13.28  0.111   -0.076  0.078  -0.075  1.11  0.004  -0.001  0.026  -0.021  0.00585  0.383  0.146214
134.5  13.18  0.111   -0.076  0.078  -0.075  1.105  0.004  -0.001  0.026  -0.021  0.00599  0.392  0.146684
135  13.08  0.111   -0.076  0.078  -0.075  1.1  0.005  -0.001  0.026  -0.021  0.00615  0.403  0.146154
135.5  12.98  0.111   -0.076  0.078  -0.075  1.095  0.004  -0.001  0.026  -0.021  0.00631  0.413  0.146247
136  12.88  0.111   -0.076  0.078  -0.075  1.09  0.004  -0.001  0.026  -0.021  0.00648  0.423  0.146336
136.5  12.78  0.111   -0.075  0.078  -0.075  1.085  0.004  -0.001  0.026  -0.021  0.00665  0.433  0.14642
137  12.68  0.111   -0.075  0.078  -0.075  1.08  0.004  -0.001  0.026  -0.021  0.00684  0.443  0.146275
137.5  12.6  0.109   -0.076  0.078  -0.074  1.076  0.003  -0.001  0.026  -0.021  0.00703  0.453  0.146358
138  12.5  0.11   -0.074  0.078  -0.075  1.071  0.003  -0.001  0.026  -0.021  0.00723  0.463  0.146436
138.5  12.4  0.11   -0.074  0.078  -0.075  1.066  0.003  -0.001  0.026  -0.021  0.00744  0.473  0.146512
139  12.31  0.11   -0.074  0.078  -0.075  1.062  0.002  -0.001  0.026  -0.021  0.00766  0.483  0.146584
139.5  12.22  0.11   -0.074  0.078  -0.075  1.057  0.002  -0.002  0.026  -0.021  0.00789  0.493  0.14645
140  12.13  0.11   -0.074  0.078  -0.075  1.052  0.002  -0.002  0.026  -0.021  0.00814  0.503  0.146521
141  11.95  0.11   -0.074  0.078  -0.075  1.043  0.002  -0.001  0.026  -0.021  0.00866  0.523  0.146463
142  11.78  0.11   -0.074  0.078  -0.075  1.033  0.003  -0.001  0.027  -0.021  0.00924  0.543  0.146409
143  11.6  0.109   -0.074  0.078  -0.076  1.023  0.003  -0.001  0.027  -0.021  0.00989  0.563  0.146359
144  11.44  0.109   -0.074  0.078  -0.076  1.013  0.004  -0.001  0.027  -0.021  0.0106  0.583  0.146312
145  11.27  0.109   -0.074  0.078  -0.076  1.004  0.004  -0  0.027  -0.021  0.0114  0.602  0.146512
146  11.12  0.109   -0.074  0.078  -0.076  0.9951  0.004  -0.001  0.027  -0.021  0.0123  0.621  0.146538
147  10.96  0.109   -0.074  0.078  -0.076  0.9866  0.003  -0.001  0.027  -0.021  0.0133  0.64  0.146562
148  10.8  0.109   -0.072  0.078  -0.077  0.9782  0.003  -0.001  0.027  -0.021  0.0145  0.66  0.146364
149  10.65  0.109   -0.072  0.078  -0.077  0.9699  0.003  -0.001  0.027  -0.021  0.0158  0.679  0.146392
150  10.5  0.109   -0.072  0.078  -0.077  0.9617  0.002  -0.001  0.027  -0.021  0.0173  0.698  0.146132
151  10.36  0.109   -0.072  0.078  -0.077  0.9529  0.002  -0.001  0.027  -0.021  0.019  0.717  0.146444
152  10.21  0.108   -0.073  0.078  -0.077  0.9441  0.003  -0.001  0.028  -0.021  0.0211  0.736  0.146739
153  10.07  0.109   -0.072  0.077  -0.077  0.9353  0.003  -0.001  0.028  -0.021  0.0236  0.756  0.146825
154  9.934  0.108   -0.072  0.077  -0.077  0.9266  0.003  -0.001  0.028  -0.021  0.0266  0.775  0.147097
155  9.795  0.108   -0.073  0.077  -0.077  0.918  0.003  -0  0.028  -0.021  0.0303  0.795  0.14717
156  9.655  0.109   -0.073  0.077  -0.077  0.9095  0.003  -0.001  0.028  -0.021  0.035  0.816  0.147059
157  9.514  0.109   -0.073  0.077  -0.077  0.9013  0.002  -0.001  0.028  -0.021  0.0413  0.838  0.146778
158  9.367  0.109   -0.072  0.077  -0.078  0.8934  0.002  -0.001  0.028  -0.021  0.0502  0.861  0.146341
159  9.225  0.109   -0.072  0.077  -0.078  0.8859  0.001  -0.002  0.028  -0.021  0.0632  0.885  0.146893
160  9.08  0.109   -0.072  0.077  -0.078  0.8787  0.001  -0.002  0.028  -0.021  0.083  0.908  0.146476
162  8.77  0.108   -0.071  0.077  -0.078  0.8676  0.001  -0.002  0.029  -0.021  0.147  0.943  0.146341
164  8.465  0.105   -0.069  0.077  -0.079  0.8571  0.002  -0.001  0.029  -0.021  0.215  0.957  0.14629
166  8.19  0.103   -0.068  0.077  -0.079  0.8453  0.002  -0.001  0.029  -0.021  0.275  0.962  0.14657
168  7.952  0.102   -0.069  0.077  -0.08  0.8316  0.002  -0.001  0.029  -0.021  0.33  0.964  0.146266
170  7.729  0.102   -0.07  0.077  -0.08  0.8173  0.002  -0.002  0.03  -0.021  0.38  0.964  0.146266
172  7.515  0.102   -0.069  0.077  -0.08  0.8029  0.002  -0.001  0.03  -0.021  0.429  0.963  0.146417
174  7.31  0.102   -0.069  0.077  -0.08  0.7885  0.002  -0.001  0.03  -0.021  0.477  0.96  0.146875
176  7.112  0.103   -0.067  0.077  -0.08  0.7744  0.002  -0.001  0.03  -0.021  0.525  0.956  0.146444
178  6.923  0.103   -0.067  0.077  -0.08  0.7609  0.001  -0.002  0.03  -0.021  0.575  0.947  0.146779
180  6.739  0.103   -0.067  0.077  -0.08  0.748  0  -0.003  0.031  -0.021  0.631  0.932  0.146996
182  6.553  0.102   -0.066  0.077  -0.08  0.7361  0.001  -0.002  0.031  -0.021  0.7  0.903  0.146179
184  6.379  0.098   -0.069  0.077  -0.08  0.7248  0.003  -0.002  0.031  -0.02  0.787  0.862  0.146172
186  6.212  0.096   -0.07  0.077  -0.08  0.7139  0.003  -0.001  0.031  -0.02  0.876  0.828  0.146135
188  6.05  0.096   -0.071  0.077  -0.08  0.7032  0.002  -0.002  0.032  -0.02  0.96  0.803  0.146949
190  5.896  0.096   -0.07  0.077  -0.08  0.6925  0.001  -0.002  0.032  -0.02  1.04  0.786  0.14631
192  5.751  0.096   -0.071  0.077  -0.08  0.6812  0.001  -0.003  0.032  -0.02  1.12  0.772  0.146373
194  5.616  0.095   -0.071  0.077  -0.08  0.6699  0.001  -0.004  0.032  -0.02  1.2  0.761  0.147175
196  5.487  0.095   -0.072  0.077  -0.08  0.6587  0.001  -0.004  0.032  -0.02  1.28  0.753  0.146082
198  5.364  0.094   -0.071  0.078  -0.08  0.6478  0.001  -0.003  0.033  -0.02  1.35  0.746  0.146113
200  5.249  0.094   -0.072  0.078  -0.08  0.6371  0.001  -0.002  0.033  -0.02  1.43  0.741  0.145749
202  5.136  0.093   -0.072  0.078  -0.08  0.6267  0.001  -0.003  0.033  -0.02  1.51  0.736  0.146739
204  5.027  0.093   -0.072  0.078  -0.08  0.6164  0.001  -0.003  0.033  -0.02  1.59  0.732  0.146175
206  4.924  0.092   -0.073  0.077  -0.08  0.6064  0.001  -0.003  0.033  -0.02  1.68  0.728  0.146978
208  4.822  0.092   -0.073  0.077  -0.08  0.5965  0.001  -0.003  0.034  -0.02  1.76  0.725  0.146207
210  4.723  0.092   -0.072  0.077  -0.08  0.5869  0.001  -0.003  0.034  -0.02  1.85  0.723  0.146611
212  4.63  0.092   -0.073  0.077  -0.08  0.5775  0.001  -0.004  0.034  -0.02  1.93  0.721  0.147018
214  4.539  0.092   -0.073  0.077  -0.08  0.5684  0.001  -0.004  0.034  -0.02  2.02  0.719  0.146036
216  4.454  0.091   -0.072  0.078  -0.081  0.5594  0.001  -0.004  0.035  -0.02  2.12  0.717  0.146444
218  4.369  0.091   -0.072  0.078  -0.081  0.5506  0  -0.004  0.035  -0.02  2.21  0.715  0.146853
220  4.288  0.09   -0.073  0.078  -0.081  0.542  0  -0.004  0.035  -0.02  2.31  0.714  0.147059
222  4.207  0.09   -0.073  0.078  -0.081  0.5335  0  -0.004  0.035  -0.02  2.4  0.712  0.146067
224  4.128  0.089   -0.073  0.078  -0.081  0.5252  0.001  -0.004  0.035  -0.02  2.5  0.711  0.146273
226  4.053  0.089   -0.073  0.078  -0.081  0.517  0.001  -0.004  0.036  -0.02  2.61  0.71  0.146479
228  3.98  0.088   -0.073  0.078  -0.081  0.5089  0.001  -0.004  0.036  -0.02  2.71  0.709  0.146685
230  3.908  0.088   -0.073  0.078  -0.081  0.5011  0.001  -0.004  0.036  -0.02  2.82  0.708  0.146893
232  3.839  0.088   -0.073  0.078  -0.081  0.4934  0.001  -0.004  0.036  -0.02  2.93  0.707  0.1471
234  3.771  0.088   -0.073  0.078  -0.081  0.4859  0.001  -0.005  0.037  -0.02  3.04  0.706  0.145892
236  3.707  0.088   -0.073  0.079  -0.082  0.4785  0.001  -0.005  0.037  -0.02  3.16  0.706  0.145892
238  3.643  0.088   -0.073  0.079  -0.082  0.4712  0.001  -0.005  0.037  -0.02  3.27  0.705  0.146099
240  3.581  0.089   -0.072  0.079  -0.082  0.4641  0.001  -0.005  0.037  -0.02  3.4  0.704  0.146307
242  3.523  0.088   -0.073  0.079  -0.082  0.4572  0.001  -0.005  0.037  -0.02  3.52  0.704  0.146307
244  3.468  0.088   -0.073  0.079  -0.082  0.4503  0.001  -0.006  0.038  -0.02  3.64  0.703  0.146515
246  3.414  0.087   -0.073  0.079  -0.082  0.4436  0.001  -0.006  0.038  -0.02  3.77  0.702  0.146724
248  3.362  0.086   -0.074  0.079  -0.082  0.4369  0.001  -0.006  0.038  -0.02  3.91  0.702  0.146724
250  3.312  0.086   -0.074  0.079  -0.082  0.4304  0.001  -0.006  0.038  -0.02  4.04  0.701  0.146933
252  3.261  0.085   -0.074  0.079  -0.082  0.4239  0.002  -0.006  0.038  -0.02  4.18  0.701  0.146933
254  3.212  0.085   -0.075  0.079  -0.082  0.4174  0.002  -0.005  0.039  -0.02  4.32  0.7  0.147143
256  3.164  0.083   -0.075  0.08  -0.083  0.4111  0.003  -0.005  0.039  -0.02  4.46  0.7  0.145714
258  3.118  0.083   -0.076  0.08  -0.083  0.4049  0.003  -0.004  0.039  -0.02  4.61  0.699  0.145923
260  3.072  0.083   -0.076  0.08  -0.083  0.3988  0.003  -0.004  0.039  -0.02  4.76  0.699  0.145923
262  3.028  0.083   -0.076  0.08  -0.083  0.3931  0.003  -0.004  0.04  -0.02  4.91  0.698  0.146132
264  2.984  0.083   -0.076  0.08  -0.083  0.3875  0.002  -0.005  0.04  -0.02  5.07  0.698  0.146132
266  2.944  0.082   -0.076  0.08  -0.083  0.3821  0.002  -0.005  0.04  -0.02  5.23  0.698  0.146132
268  2.903  0.082   -0.076  0.08  -0.083  0.3767  0.002  -0.005  0.04  -0.02  5.39  0.697  0.146341
270  2.864  0.082   -0.075  0.08  -0.083  0.3715  0.001  -0.006  0.04  -0.02  5.55  0.697  0.146341
272  2.828  0.082   -0.076  0.08  -0.083  0.3663  0.001  -0.006  0.041  -0.02  5.72  0.696  0.146552
274  2.793  0.081   -0.076  0.08  -0.083  0.3611  0.001  -0.006  0.041  -0.02  5.89  0.696  0.146552
276  2.76  0.081   -0.077  0.081  -0.083  0.356  0.002  -0.006  0.041  -0.02  6.07  0.696  0.146552
278  2.728  0.08   -0.078  0.081  -0.083  0.351  0.002  -0.007  0.041  -0.02  6.25  0.695  0.146763
280  2.696  0.079   -0.079  0.081  -0.083  0.3461  0.002  -0.007  0.042  -0.02  6.43  0.695  0.146763
282  2.664  0.079   -0.079  0.081  -0.083  0.3413  0.002  -0.007  0.042  -0.02  6.61  0.695  0.146763
284  2.633  0.079   -0.079  0.081  -0.083  0.3365  0.002  -0.007  0.042  -0.02  6.8  0.694  0.146974
286  2.603  0.079   -0.078  0.081  -0.084  0.3318  0.002  -0.007  0.042  -0.02  6.99  0.694  0.146974
288  2.574  0.08   -0.077  0.081  -0.084  0.3271  0.002  -0.007  0.042  -0.02  7.19  0.694  0.146974
290  2.546  0.08   -0.077  0.081  -0.084  0.3226  0.002  -0.007  0.043  -0.02  7.39  0.693  0.147186
295  2.48  0.084   -0.073  0.082  -0.084  0.3116  0.002  -0.007  0.043  -0.02  7.9  0.692  0.145954
300  2.422  0.086   -0.071  0.082  -0.084  0.3011  0.002  -0.008  0.044  -0.02  8.43  0.692  0.145954
305  2.369  0.086   -0.071  0.082  -0.084  0.2908  0.002  -0.008  0.044  -0.02  8.99  0.691  0.146165
310  2.322  0.085   -0.072  0.082  -0.085  0.2809  0.003  -0.008  0.045  -0.02  9.57  0.69  0.146377
315  2.281  0.085   -0.073  0.083  -0.085  0.2716  0.003  -0.008  0.045  -0.02  10.2  0.69  0.146377
320  2.247  0.086   -0.072  0.083  -0.085  0.2627  0.003  -0.007  0.046  -0.019  10.8  0.689  0.146589
325  2.221  0.087   -0.073  0.083  -0.085  0.2539  0.003  -0.008  0.046  -0.019  11.4  0.689  0.146589
330  2.204  0.088   -0.073  0.084  -0.086  0.2453  0.003  -0.009  0.047  -0.019  12.1  0.688  0.146802
335  2.195  0.09   -0.071  0.084  -0.086  0.2368  0.003  -0.009  0.048  -0.019  12.8  0.687  0.147016
340  2.198  0.096   -0.067  0.085  -0.086  0.2286  0.003  -0.009  0.048  -0.019  13.5  0.687  0.147016
345  2.225  0.11   -0.061  0.085  -0.087  0.2206  0.003  -0.01  0.049  -0.019  14.2  0.685  0.145985
350  2.306  0.111   -0.062  0.086  -0.087  0.2132  0.003  -0.01  0.049  -0.019  15.2  0.676  0.14645
360  2.361  0.108   -0.059  0.086  -0.087  0.2018  0.003  -0.011  0.05  -0.019  17.6  0.651  0.14639
370  2.341  0.095   -0.063  0.086  -0.088  0.191  0.004  -0.011  0.051  -0.019  20.2  0.628  0.146497
380  2.266  0.085   -0.069  0.086  -0.087  0.1808  0.004  -0.011  0.052  -0.019  23.1  0.609  0.14647
390  2.158  0.076   -0.073  0.088  -0.087  0.1712  0.004  -0.011  0.053  -0.019  26.1  0.594  0.146465
400  2.032  0.068   -0.077  0.089  -0.087  0.162  0.004  -0.012  0.055  -0.019  29.2  0.582  0.146392
420  1.756  0.058   -0.082  0.091  -0.087  0.1451  0.005  -0.012  0.057  -0.019  35.9  0.564  0.146631
440  1.482  0.064   -0.084  0.093  -0.088  0.1304  0.006  -0.013  0.059  -0.019  43.1  0.554  0.14657
460  1.237  0.07   -0.084  0.094  -0.088  0.1171  0.006  -0.014  0.061  -0.018  50.8  0.549  0.146448
480  1.026  0.076   -0.085  0.095  -0.089  0.1054  0.006  -0.015  0.063  -0.018  59.1  0.546  0.14652
500  0.8491  0.08   -0.086  0.097  -0.09  0.09497  0.007  -0.016  0.066  -0.018  68  0.546  0.146337
520  0.7006  0.083   -0.086  0.098  -0.091  0.08568  0.007  -0.017  0.068  -0.018  77.5  0.547  0.146435
540  0.5782  0.085   -0.085  0.099  -0.092  0.07746  0.008  -0.017  0.07  -0.018  87.7  0.549  0.146448
560  0.4771  0.087   -0.085  0.1  -0.093  0.0701  0.008  -0.018  0.072  -0.018  98.6  0.552  0.146377
580  0.3944  0.089   -0.084  0.102  -0.094  0.06353  0.009  -0.019  0.074  -0.017  110  0.555  0.146486
600  0.3267  0.09   -0.083  0.104  -0.096  0.05771  0.01  -0.02  0.076  -0.017  123  0.558  0.146595
